,Acanthurus Acanthurus bariene,Acanthurus Acanthurus blochii,Acanthurus Acanthurus chirurgus,Acanthurus Acanthurus dussumieri,Acanthurus Acanthurus guttatus,Acanthurus Acanthurus japonicus,Acanthurus Acanthurus leucocheilus,Acanthurus Acanthurus leucosternon,Acanthurus Acanthurus lineatus,Acanthurus Acanthurus mata,Acanthurus Acanthurus monroviae,Acanthurus Acanthurus nigricans,Acanthurus Acanthurus nigricauda,Acanthurus Acanthurus nigrofuscus,Acanthurus Acanthurus nubilus,Acanthurus Acanthurus olivaceus,Acanthurus Acanthurus pyroferus,Acanthurus Acanthurus tennentii,Acanthurus Acanthurus_achilles,Acanthurus Acanthurus_triostegus,Acanthurus Acanthurus_xanthopterus,Ctenochaetus Ctenochaetus binotatus,Ctenochaetus Ctenochaetus cyanocheilus,Ctenochaetus Ctenochaetus flavicauda,Ctenochaetus Ctenochaetus hawaiiensis,Ctenochaetus Ctenochaetus striatus,Ctenochaetus Ctenochaetus strigosus,Ctenochaetus Ctenochaetus truncatus,Naso Naso annulatus,Naso Naso brachycentron,Naso Naso brevirostris,Naso Naso caesius,Naso Naso fageni,Naso Naso hexacanthus,Naso Naso lituratus,Naso Naso maculatus,Naso Naso minor,Naso Naso tonganus,Naso Naso tuberosus,Naso Naso unicornis,Naso Naso vlamingii,Paracanthurus Paracanthurus_hepatus,Prionurus Prionurus laticlavius,Prionurus Prionurus microlepidotus,Zebrasoma Zebrasoma desjardinii,Zebrasoma Zebrasoma flavescens,Zebrasoma Zebrasoma gemmatum,Zebrasoma Zebrasoma scopas
Acanthurus Acanthurus bariene,0.0,10.756755061852518,11.55546912684372,8.642202646647824,9.958348438499515,11.810319904509091,9.678645729615413,13.214793022827106,9.317482979028041,10.057817653945987,10.554985311641715,14.919409952509577,11.204175861259463,11.955044822985228,11.019300912800466,10.637469327723908,12.85099925231702,11.10103641516194,15.401695208320891,12.362940205970856,10.563710686707037,9.403302803876814,11.45597458916201,13.052233822581881,11.341987085452667,9.533393589962932,16.178583138445454,10.665462022139549,13.614607240645471,10.937311616782871,9.720725890176043,12.588863035719532,12.278199582850027,13.219550984556463,13.565081406099948,11.503171263611307,10.776102287351206,12.811227474704642,11.7851734318396,12.805209459043759,10.863260068324648,15.187415212150729,12.495287599237518,12.428329301652685,8.757896829539593,16.815405241264113,21.530084426863624,11.333696348491985
Acanthurus Acanthurus blochii,10.756755061852518,0.0,5.720022563098018,9.601538917528675,13.545112614907506,15.081342790283985,12.522070997807537,11.14651659217322,12.211332916034124,8.885554120338599,11.18007452338016,17.371301729207122,11.960457579047883,12.55474960856112,8.345731385486772,12.141630969749663,13.810866782368358,8.961417478419158,17.26410596400004,12.155754255960897,10.835819988908641,12.754555962756854,13.529308797563614,15.193839637645674,13.479477890425418,12.964776030245881,16.255546194517738,15.086910671807386,9.108339212631375,10.454400139177885,8.53082309895438,13.886164651145002,12.440232414491012,13.19545471756657,15.053489435387998,12.205697737426075,9.335843638872717,12.22216232862322,7.5514153611109425,11.997514126377851,8.658059775001796,15.778168502944707,9.251983932980329,11.78141200932724,9.618585170157944,18.573332446374838,22.264478540518525,11.391234035852607
Acanthurus Acanthurus chirurgus,11.55546912684372,5.720022563098018,0.0,8.978331412686417,14.982888604785503,15.38906659859263,13.80023576186508,12.345083479379378,12.65424517157853,9.793071257123184,12.710745350976797,18.167178444944874,13.680058966010549,13.056216238170997,10.697828769480704,13.509147468651351,13.093436079421203,9.66715140676356,17.731029876815985,11.428640179954758,10.275494762139225,13.280615181250138,15.24880349551534,15.234884758815312,15.195429234815151,14.284362559054959,16.540979768258754,15.625045381547295,11.326409937506853,11.992237730962621,10.584550201502134,14.799772774344003,12.479201728865998,13.947104297837553,14.921771411721823,13.66362638162964,9.634140671108499,12.743167050149461,10.533274415857194,12.922831274914325,10.491231165130191,16.13882191753732,10.293981248333344,12.654022364023056,11.354871229618334,18.2489377671693,22.136165520667703,12.639774874310746
Acanthurus Acanthurus dussumieri,8.642202646647824,9.601538917528675,8.978331412686417,0.0,12.23479715578157,12.482464584370476,12.438615758163172,11.27706026347994,9.904715784522947,8.972246360790226,11.984651923290434,17.028300228444557,11.89135086590274,12.198662247036122,10.538972232971378,12.83969304593169,10.440122289819962,11.452806605355152,15.019936392110894,11.654469972736235,8.476088849579352,11.480511794967251,13.445270713807624,13.825415528379704,12.890599446670407,13.15273941383705,15.765143802880583,12.922521190911576,11.507109747086,10.78692316408346,8.91288842486656,13.046184362308075,11.495649018079387,12.16008884085016,12.802810882363584,11.58955874247712,11.235582433168478,11.868398489506681,10.60854700310768,11.875647700985638,10.430088831731245,15.125575222424445,9.587670630149669,11.58516143864819,8.579865135077764,15.628707923126116,22.0472097887693,12.595914381201029
Acanthurus Acanthurus guttatus,9.958348438499515,13.545112614907506,14.982888604785503,12.23479715578157,0.0,10.417973327292797,8.467111353616957,15.792105227391728,10.064591849180443,13.242273779027345,10.999427601002704,13.213272358407998,8.974792334034044,11.089492357120227,14.05581634145988,10.574625745446262,15.186427279210541,14.651373396214057,14.31616667102197,11.489528192295642,11.863892725723911,8.47425956320765,9.333605520000509,11.905463277858455,11.69611628334814,11.185979524929646,18.073151282167164,10.892858716783397,13.714680894816084,10.992324260588909,12.323369967508915,11.527923795167535,12.820820937777922,12.339174931334046,15.750670192942682,13.324789451611561,13.113378282770826,12.80251613154365,13.263014134363411,12.016948611190733,14.783973545156414,16.215041113486926,12.36156395541691,13.903719888211675,9.893821526641252,17.764921291022674,21.507397997961974,16.219738021243952
Acanthurus Acanthurus japonicus,11.810319904509091,15.081342790283985,15.38906659859263,12.482464584370476,10.417973327292797,0.0,10.686899367574433,14.980470582644607,11.914359859902486,13.40355862912253,10.905385145172419,13.333217543094797,12.585516899487228,13.399699729445894,15.20551233617213,12.587566968720111,16.388210070731915,14.260938851287818,13.052270182520374,11.756559759814861,12.07689673297373,10.00364150925228,12.731753903536234,10.345991020780879,14.827720867425246,12.079564513120264,18.739413020820162,12.864593992886668,15.721847031187147,11.870040898160173,14.006306581643141,12.850041813087236,13.109019936465284,12.78381849469131,14.42997241630036,16.74772518142871,11.761497761972015,12.919154692526224,14.151632795258843,11.661101051656424,14.528636581182042,16.057327201194784,12.782841921889691,13.52626118251446,10.855384794607891,17.63942313281383,21.841689718567014,15.996133668785363
Acanthurus Acanthurus leucocheilus,9.678645729615413,12.522070997807537,13.80023576186508,12.438615758163172,8.467111353616957,10.686899367574433,0.0,14.133198081646675,11.15991800306608,12.888098697937126,8.011846683569845,12.801384841600703,8.729312068622836,10.512058155079867,14.64132383816617,7.979670834706287,15.529062302725817,12.859132382789978,14.280732300788527,10.723508378002505,10.636806537763501,9.699975337175086,10.7899107709645,12.307254575680124,14.149561796206655,10.117598973838248,18.760336001460374,11.869115914000119,12.885412967789215,9.367048311088297,12.487813780488407,11.719746336150811,11.118120850784909,9.318964256895157,14.21752540559087,13.737679135841608,10.164929916001919,10.694781239833722,11.884461496241498,9.342866156620707,13.940691241272974,14.314836646632616,10.449261013322168,11.92583177156168,10.179233593086016,17.239375974811143,23.09859776753541,16.290297572784574
Acanthurus Acanthurus leucosternon,13.214793022827106,11.14651659217322,12.345083479379378,11.27706026347994,15.792105227391728,14.980470582644607,14.133198081646675,0.0,13.401783222735647,12.40953293759882,11.078329398632492,16.996390673252648,15.339135187226033,15.129331992743314,12.185838509824139,13.599273402386483,13.649871889088686,11.86036951307906,14.11798501545411,14.41265102467495,11.513988503284708,14.885470364612706,15.384590851800697,14.57230422382467,15.84693442936999,12.783422260870653,20.425191886667392,16.589785522457156,11.847802830615976,12.851251540244668,11.873098208445912,14.140445547029902,14.12696363730018,12.709315590200367,11.722409887589903,16.755704750911942,11.664108785236817,13.37064734063695,12.738214511174844,12.986053394081058,9.002336508947193,11.719043004794745,11.46181802280863,11.614858402613471,9.950817982139265,16.45236364721398,23.223040450552258,16.551642364658903
Acanthurus Acanthurus lineatus,9.317482979028041,12.211332916034124,12.65424517157853,9.904715784522947,10.064591849180443,11.914359859902486,11.15991800306608,13.401783222735647,0.0,8.693415452188084,11.409639005440049,15.691839752327787,13.014344088597847,12.219429800751639,11.79952571725527,13.065448973810607,12.828635281735846,13.754647982127972,14.27617946277642,12.309270816422664,10.591424439880313,10.980041993995883,13.557468724836149,11.886482524425977,12.455241341584571,12.221252291723049,14.4824889538729,12.668319984051424,12.98770702704384,11.662585803495423,11.88404422125338,11.536041674738485,13.05999617519381,14.228049468270752,14.178310490847716,13.602831854251525,13.469083765941775,12.130800595668083,14.285865935184576,12.182924091410007,11.698439994296457,14.048904013690958,13.61142152964469,12.914857782374158,9.436356420600317,16.42429102214539,20.63563820661204,14.667451958125552
Acanthurus Acanthurus mata,10.057817653945987,8.885554120338599,9.793071257123184,8.972246360790226,13.242273779027345,13.40355862912253,12.888098697937126,12.40953293759882,8.693415452188084,0.0,12.971440625624771,16.330675037438503,13.053158821408063,12.807886617068146,8.536843013628008,13.522630985720774,12.715819988056168,12.047338699781404,15.581567326774605,12.366886558701152,11.065381929479765,11.86350755524121,15.106078449572223,13.487321171265723,12.52193839047321,12.566367753088494,13.554389167028878,14.476086175193345,10.212048777793788,10.946342251172343,9.13237542258836,12.006891788288526,12.153120237885224,14.060682169438222,13.9495719793442,12.213428834727758,12.525180427240901,11.326697775498232,10.932628608564224,11.152228980962745,8.877883779125762,15.229517159265434,12.204353420133405,11.766069654873403,8.748373521593754,17.745940169373466,20.05359900188638,12.472203673209123
Acanthurus Acanthurus monroviae,10.554985311641715,11.18007452338016,12.710745350976797,11.984651923290434,10.999427601002704,10.905385145172419,8.011846683569845,11.078329398632492,11.409639005440049,12.971440625624771,0.0,14.193772445853732,11.56586435677342,11.142903713176228,12.242246826014654,9.01093775503344,14.014017224586354,11.405004235995733,14.706669135445338,11.781186252658259,10.349928750879846,10.364293917103403,11.091185373335982,11.783799395691405,13.776237346478322,10.063048958590594,19.255502801955465,13.462923913543166,12.577863167081814,9.34018668481817,10.612330553731809,10.645579603939941,11.786445774998871,9.604112498750295,13.247219300995829,15.291923130110131,7.855499748531888,11.410254784650101,11.428501603741845,10.547043318686569,11.274665869070747,13.156041520188937,10.536353586370355,10.677730626002672,9.22792280659063,16.42780877463136,23.576039757285656,15.003028580214583
Acanthurus Acanthurus nigricans,14.919409952509577,17.371301729207122,18.167178444944874,17.028300228444557,13.213272358407998,13.333217543094797,12.801384841600703,16.996390673252648,15.691839752327787,16.330675037438503,14.193772445853732,0.0,14.674590130704873,15.11798440652466,18.55991337573784,13.270068424583462,17.506661870015243,15.858224267499494,16.43218352218437,13.678393490841879,14.496524489256329,15.035460125273447,15.480013891518645,15.376356385168952,16.262414484933725,14.865202689294916,22.468126883664056,17.86784405965466,16.942122222469283,15.573949243314125,16.452534877358598,16.989076896729678,15.315728502476697,14.7586911094633,16.383947751665755,18.981500669281644,15.034658276851506,13.51100490918658,17.253273475419302,15.274374247847724,17.783861040819012,15.183652736287863,16.080658061597067,16.401637685644932,15.873045695052877,17.75227232186307,24.489133870140975,19.397694046400247
Acanthurus Acanthurus nigricauda,11.204175861259463,11.960457579047883,13.680058966010549,11.89135086590274,8.974792334034044,12.585516899487228,8.729312068622836,15.339135187226033,13.014344088597847,13.053158821408063,11.56586435677342,14.674590130704873,0.0,9.093921992076277,13.64646153487101,9.05087358127773,14.761748580435613,13.867811461542967,16.523349901891923,9.057987654520183,10.873237073811067,10.377983584596967,9.695666117276401,13.293771075427804,14.572500040902788,13.0083789863015,20.288890710491444,13.433998985890678,12.220105210012205,9.721656655754346,12.612954921301123,12.947742753016595,11.643567111654015,11.635542036686228,15.866147975264724,12.767194038523714,11.697386258322759,10.94310328821391,11.802709221339892,9.947492524882085,14.36679957666125,16.183889281881587,10.229572782193548,12.378647292747575,11.592354862142491,15.751891897652156,25.181826567697424,16.74318673990185
Acanthurus Acanthurus nigrofuscus,11.955044822985228,12.55474960856112,13.056216238170997,12.198662247036122,11.089492357120227,13.399699729445894,10.512058155079867,15.129331992743314,12.219429800751639,12.807886617068146,11.142903713176228,15.11798440652466,9.093921992076277,0.0,12.53721149464551,9.652759451618865,14.208145091601518,14.797158335528758,17.74257136629859,9.469646344112192,9.39920665896858,11.491458560994422,9.867754439541061,12.603409109129023,14.77445075472761,14.29307370554674,20.72500406084989,15.1572426010552,13.772118351304401,8.636308627840405,12.555772068674907,12.775220424333133,11.47887132335883,11.940576749496193,15.731478289480519,12.779370997550254,11.598585303963793,11.018812499236557,13.208443386063866,11.416399846275029,14.291185581297514,15.126827866913915,11.063071998537318,12.176449650622782,12.654299027035941,16.16028182725545,25.56177256295845,18.29586953357036
Acanthurus Acanthurus nubilus,11.019300912800466,8.345731385486772,10.697828769480704,10.538972232971378,14.05581634145988,15.20551233617213,14.64132383816617,12.185838509824139,11.79952571725527,8.536843013628008,12.242246826014654,18.55991337573784,13.64646153487101,12.53721149464551,0.0,13.964029383621915,12.904763931728779,12.351727365888058,16.792510051036817,14.334060969927144,12.160869466330631,11.712029436120863,13.869633433875073,14.463199622356138,12.43316956670506,13.578764020197909,16.863306244408353,15.641039678222278,10.771497195968958,10.235148408057956,7.961135598529062,12.014748564840213,11.417699164499265,14.558180513107429,15.768604406981947,11.930359008555097,12.121881793706962,12.350758578337715,9.902088155317658,13.747139359807653,7.42377250796297,16.170492014708834,11.793719943040141,10.322147700078885,9.962226162511522,18.615709357822503,23.054894905369746,13.051643105814692
Acanthurus Acanthurus olivaceus,10.637469327723908,12.141630969749663,13.509147468651351,12.83969304593169,10.574625745446262,12.587566968720111,7.979670834706287,13.599273402386483,13.065448973810607,13.522630985720774,9.01093775503344,13.270068424583462,9.05087358127773,9.652759451618865,13.964029383621915,0.0,15.8512955518429,11.070404338564488,15.024190139320739,10.135439033765204,10.670866829515875,9.851344951433283,8.217215183892009,14.215599655917483,11.924672249545765,10.634035499943394,20.402519699395075,14.390021205036586,13.461755945237654,9.590876475837788,11.720960033973668,13.669141540730044,11.71644601407037,9.562250441830425,12.23898810116876,13.519560183246718,9.074748514667466,11.437621178317535,11.505767656273145,10.96807869229697,13.836219531697076,15.565747340300689,11.467793883072137,12.550096120817633,10.26071041427934,17.401308747272868,23.865339718523032,15.748256499096948
Acanthurus Acanthurus pyroferus,12.85099925231702,13.810866782368358,13.093436079421203,10.440122289819962,15.186427279210541,16.388210070731915,15.529062302725817,13.649871889088686,12.828635281735846,12.715819988056168,14.014017224586354,17.506661870015243,14.761748580435613,14.208145091601518,12.904763931728779,15.8512955518429,0.0,14.7942420086371,16.98874122218326,13.796330744457773,11.442618431958032,14.64309027021687,14.920807919896607,16.256349366159245,16.165841676603723,15.698232422320535,19.5257589887734,15.57394121382166,13.86591105647285,14.367865750041556,12.93734317627159,14.975004198272991,12.641792376089157,14.365599036579887,16.138102898110677,15.068102799752207,14.808194397620419,13.428042928282238,14.988152760038416,15.50104041575719,12.753106069204572,12.462650767112041,12.899713806461277,13.633571826349902,13.88728966325605,11.68593829852643,25.051580310250554,16.29824233422732
Acanthurus Acanthurus tennentii,11.10103641516194,8.961417478419158,9.66715140676356,11.452806605355152,14.651373396214057,14.260938851287818,12.859132382789978,11.86036951307906,13.754647982127972,12.047338699781404,11.405004235995733,15.858224267499494,13.867811461542967,14.797158335528758,12.351727365888058,11.070404338564488,14.7942420086371,0.0,18.261205728773216,13.533288468708061,11.12616435809882,11.445891401371123,12.417174291066743,15.548539592827817,13.486210055702736,12.000265872752088,19.601992406768474,16.443783578846812,12.176133910600358,12.59449317225442,10.893777116285243,16.17315681802559,12.643552441443452,12.10863303183678,13.059048376606803,15.619789544234163,8.901806592435756,13.728330307612158,9.391744978507198,14.661531144685803,11.649277756010305,16.66763299478368,12.01238043879148,13.004669906211397,11.091479378826646,19.826708206495127,24.052094264316516,10.257590572961185
Acanthurus Acanthurus_achilles,15.401695208320891,17.26410596400004,17.731029876815985,15.019936392110894,14.31616667102197,13.052270182520374,14.280732300788527,14.11798501545411,14.27617946277642,15.581567326774605,14.706669135445338,16.43218352218437,16.523349901891923,17.74257136629859,16.792510051036817,15.024190139320739,16.98874122218326,18.261205728773216,0.0,15.977302237154564,15.797422932951495,15.264198686969104,17.198850225452702,16.03844876654005,16.624902060749736,14.548806998180657,19.93039282497222,15.411898397761618,16.246174344516312,15.92051832538826,16.019880527883327,15.009592618264623,16.75420845728815,14.240537004932346,13.343934792233341,17.6489418693332,16.087375069374446,15.448901441878204,17.337370589649144,13.49194348211217,15.290853248478701,15.081325947208988,15.230859676996777,16.0442986815657,13.108368391706392,18.08594108497854,20.742097602230544,19.734411700859976
Acanthurus Acanthurus_triostegus,12.362940205970856,12.155754255960897,11.428640179954758,11.654469972736235,11.489528192295642,11.756559759814861,10.723508378002505,14.41265102467495,12.309270816422664,12.366886558701152,11.781186252658259,13.678393490841879,9.057987654520183,9.469646344112192,14.334060969927144,10.135439033765204,13.796330744457773,13.533288468708061,15.977302237154564,0.0,7.519156501504945,12.101153040248333,12.614581883899238,12.067204804031762,15.928814119498325,13.48979800603393,19.41075978824757,14.72701571019818,12.179642879048803,9.756018777951729,12.491766149249948,13.006883130941631,9.91934808752597,13.198879389274419,15.13245752061259,14.117049698369334,9.94663856737978,9.866699456612082,13.020644478012086,9.391262566542117,13.6659846847259,14.65015406159256,10.554056218159594,12.751650068601613,11.472580113664188,14.660764051960479,24.117195155115677,17.378932859892352
Acanthurus Acanthurus_xanthopterus,10.563710686707037,10.835819988908641,10.275494762139225,8.476088849579352,11.863892725723911,12.07689673297373,10.636806537763501,11.513988503284708,10.591424439880313,11.065381929479765,10.349928750879846,14.496524489256329,10.873237073811067,9.39920665896858,12.160869466330631,10.670866829515875,11.442618431958032,11.12616435809882,15.797422932951495,7.519156501504945,0.0,11.925859711488927,11.437630324947493,11.754856369688335,14.615111135287755,12.303436024734058,19.40297593611427,14.552193439384789,10.905264480486748,8.83246529229345,10.971058059454815,11.840657876478542,9.753412300915638,10.66206809129532,13.718045003692124,13.04299727872246,8.80351405705986,10.045064013498509,11.909479983058215,10.349051433581606,11.09322918817313,13.905232360954553,9.165640078879614,10.48217519869126,10.093507982966605,15.095218380935437,24.663239749393625,15.492829316655829
Ctenochaetus Ctenochaetus binotatus,9.403302803876814,12.754555962756854,13.280615181250138,11.480511794967251,8.47425956320765,10.00364150925228,9.699975337175086,14.885470364612706,10.980041993995883,11.86350755524121,10.364293917103403,15.035460125273447,10.377983584596967,11.491458560994422,11.712029436120863,9.851344951433283,14.64309027021687,11.445891401371123,15.264198686969104,12.101153040248333,11.925859711488927,0.0,9.804742287663071,11.253802339785286,11.485361441178926,10.178965250987929,18.48503260973878,11.437435298732481,13.350321531435416,9.91173865001908,10.738196035459534,10.913144430024333,10.728060392485059,11.03506628846143,14.225262352308821,14.158031276834864,11.21594562128331,12.22336795123891,11.914338542366691,12.70634519790282,13.195807821340304,16.023755495796014,12.242708929053597,11.871114853376051,9.506089323748144,18.289789089533848,22.357221445827545,14.133581882246391
Ctenochaetus Ctenochaetus cyanocheilus,11.45597458916201,13.529308797563614,15.24880349551534,13.445270713807624,9.333605520000509,12.731753903536234,10.7899107709645,15.384590851800697,13.557468724836149,15.106078449572223,11.091185373335982,15.480013891518645,9.695666117276401,9.867754439541061,13.869633433875073,8.217215183892009,14.920807919896607,12.417174291066743,17.198850225452702,12.614581883899238,11.437630324947493,9.804742287663071,0.0,14.022344974404549,12.504991882221638,11.56116831324126,21.879840964539593,13.762784669635316,14.963010200420706,10.430692468164528,12.962282344660887,13.789299319422376,12.961188743572654,10.84319076338542,14.903982990756434,14.03416248965733,12.060805164775308,13.149112827278472,12.541586655288754,14.344259960466175,14.559394325162772,16.738088842603972,12.290382680308577,12.818271809482244,11.671597512170791,17.434454447988653,25.52863359352157,15.86879802494273
Ctenochaetus Ctenochaetus flavicauda,13.052233822581881,15.193839637645674,15.234884758815312,13.825415528379704,11.905463277858455,10.345991020780879,12.307254575680124,14.57230422382467,11.886482524425977,13.487321171265723,11.783799395691405,15.376356385168952,13.293771075427804,12.603409109129023,14.463199622356138,14.215599655917483,16.256349366159245,15.548539592827817,16.03844876654005,12.067204804031762,11.754856369688335,11.253802339785286,14.022344974404549,0.0,16.0240728534734,12.364864073095083,17.514805377189163,12.26945108588163,14.206966575539706,12.666400845456778,14.269013627351294,11.505844657682426,13.95364823544342,14.130720258196767,15.711337066548893,16.818039855353597,12.644302677289932,13.874215916061855,15.879920349664257,13.484435474799193,14.048341220180298,16.121486196241822,14.420716775307664,13.44427383370991,12.098816103517255,18.030566501696093,22.82213865447621,17.177236403602844
Ctenochaetus Ctenochaetus hawaiiensis,11.341987085452667,13.479477890425418,15.195429234815151,12.890599446670407,11.69611628334814,14.827720867425246,14.149561796206655,15.84693442936999,12.455241341584571,12.52193839047321,13.776237346478322,16.262414484933725,14.572500040902788,14.77445075472761,12.43316956670506,11.924672249545765,16.165841676603723,13.486210055702736,16.624902060749736,15.928814119498325,14.615111135287755,11.485361441178926,12.504991882221638,16.0240728534734,0.0,12.056652053507891,16.698341314857586,15.168400643902826,15.217161702402302,13.294439233129216,12.263214254980513,14.657837671127846,14.702339075057978,15.47915691916815,15.091852204352382,12.23524193025264,14.630177719893437,15.75757827255804,12.932644210419925,16.37002309568693,14.382061167101037,19.09007090553409,15.878751373820052,15.617411687845763,11.136493257362321,21.089419580404158,19.911144243431988,14.25986949546387
Ctenochaetus Ctenochaetus striatus,9.533393589962932,12.964776030245881,14.284362559054959,13.15273941383705,11.185979524929646,12.079564513120264,10.117598973838248,12.783422260870653,12.221252291723049,12.566367753088494,10.063048958590594,14.865202689294916,13.0083789863015,14.29307370554674,13.578764020197909,10.634035499943394,15.698232422320535,12.000265872752088,14.548806998180657,13.48979800603393,12.303436024734058,10.178965250987929,11.56116831324126,12.364864073095083,12.056652053507891,0.0,19.22992681218253,13.238164767239716,13.993980691964051,10.902703330895566,11.98290088633207,9.922439652802522,13.316035795622017,11.89309578299374,12.53468003074579,14.831154028980707,11.47248444210846,13.029019002950582,13.361846039567846,12.916440340939737,11.205827257611233,13.830782303909324,13.081436980305694,12.646978831859675,9.580321881141796,18.665143649081717,22.473906197838527,15.224692516855333
Ctenochaetus Ctenochaetus strigosus,16.178583138445454,16.255546194517738,16.540979768258754,15.765143802880583,18.073151282167164,18.739413020820162,18.760336001460374,20.425191886667392,14.4824889538729,13.554389167028878,19.255502801955465,22.468126883664056,20.288890710491444,20.72500406084989,16.863306244408353,20.402519699395075,19.5257589887734,19.601992406768474,19.93039282497222,19.41075978824757,19.40297593611427,18.48503260973878,21.879840964539593,17.514805377189163,16.698341314857586,19.22992681218253,0.0,15.992254803539801,17.71742019055175,19.553212068244946,15.918750690100245,19.575625755867637,19.460018645719195,21.587871261506457,20.8472189891899,16.139742087512506,19.46221475786835,19.40421244415656,17.67587244168202,19.12071531165751,17.511620277134508,23.25453643107603,19.79042310153701,20.542885352159438,15.465045178528959,24.191099872780796,17.052983946617477,14.844003236557151
Ctenochaetus Ctenochaetus truncatus,10.665462022139549,15.086910671807386,15.625045381547295,12.922521190911576,10.892858716783397,12.864593992886668,11.869115914000119,16.589785522457156,12.668319984051424,14.476086175193345,13.462923913543166,17.86784405965466,13.433998985890678,15.1572426010552,15.641039678222278,14.390021205036586,15.57394121382166,16.443783578846812,15.411898397761618,14.72701571019818,14.552193439384789,11.437435298732481,13.762784669635316,12.26945108588163,15.168400643902826,13.238164767239716,15.992254803539801,0.0,15.46891980630443,13.515484094690585,13.558182530313012,13.029392584320702,15.75595447675146,15.568901986229754,17.40494572098074,15.200354348357969,14.944523587914361,15.41276887528879,15.435305959207634,14.98738885599425,15.110863264861965,17.750207848640862,14.903942186423093,15.262073124336444,12.175094402523058,17.848518721855527,21.671332532307712,14.777692012584213
Naso Naso annulatus,13.614607240645471,9.108339212631375,11.326409937506853,11.507109747086,13.714680894816084,15.721847031187147,12.885412967789215,11.847802830615976,12.98770702704384,10.212048777793788,12.577863167081814,16.942122222469283,12.220105210012205,13.772118351304401,10.771497195968958,13.461755945237654,13.86591105647285,12.176133910600358,16.246174344516312,12.179642879048803,10.905264480486748,13.350321531435416,14.963010200420706,14.206966575539706,15.217161702402302,13.993980691964051,17.71742019055175,15.46891980630443,0.0,10.142372816893575,9.043310067970669,13.283115081363057,11.635818348941495,12.436680996285444,14.049057972082183,13.471325096934196,11.537307894123046,12.508846807367275,9.258034622909394,11.143176192132824,10.700234176361606,15.645044419180929,10.35451639859908,11.90397421078159,11.054163669146952,17.973435555202343,22.61659977515737,14.48590244169537
Naso Naso brachycentron,10.937311616782871,10.454400139177885,11.992237730962621,10.78692316408346,10.992324260588909,11.870040898160173,9.367048311088297,12.851251540244668,11.662585803495423,10.946342251172343,9.34018668481817,15.573949243314125,9.721656655754346,8.636308627840405,10.235148408057956,9.590876475837788,14.367865750041556,12.59449317225442,15.92051832538826,9.756018777951729,8.83246529229345,9.91173865001908,10.430692468164528,12.666400845456778,13.294439233129216,10.902703330895566,19.553212068244946,13.515484094690585,10.142372816893575,0.0,8.946796458989194,9.000443648198296,8.268472499162156,10.808056591092884,13.64867444138933,12.416319437107179,9.648040027753602,8.396920167064907,9.641381987800516,9.08096790897834,10.754673064134515,14.496387095465707,8.968765258873255,7.592502022924401,9.604767127121539,16.90874393933815,24.23178041235586,16.114220412960695
Naso Naso brevirostris,9.720725890176043,8.53082309895438,10.584550201502134,8.91288842486656,12.323369967508915,14.006306581643141,12.487813780488407,11.873098208445912,11.88404422125338,9.13237542258836,10.612330553731809,16.452534877358598,12.612954921301123,12.555772068674907,7.961135598529062,11.720960033973668,12.93734317627159,10.893777116285243,16.019880527883327,12.491766149249948,10.971058059454815,10.738196035459534,12.962282344660887,14.269013627351294,12.263214254980513,11.98290088633207,15.918750690100245,13.558182530313012,9.043310067970669,8.946796458989194,0.0,12.12196466109079,10.769180445163432,12.335327527015444,13.491475053640725,11.225264816098226,10.878128951120285,11.6341132058121,7.330559063059762,12.007467456033517,9.507012374308756,15.696805216156559,10.948409261506002,11.284187241711363,7.800925678195332,18.160597109434267,21.504750006353813,11.284947776793773
Naso Naso caesius,12.588863035719532,13.886164651145002,14.799772774344003,13.046184362308075,11.527923795167535,12.850041813087236,11.719746336150811,14.140445547029902,11.536041674738485,12.006891788288526,10.645579603939941,16.989076896729678,12.947742753016595,12.775220424333133,12.014748564840213,13.669141540730044,14.975004198272991,16.17315681802559,15.009592618264623,13.006883130941631,11.840657876478542,10.913144430024333,13.789299319422376,11.505844657682426,14.657837671127846,9.922439652802522,19.575625755867637,13.029392584320702,13.283115081363057,9.000443648198296,12.12196466109079,0.0,12.232690414706541,13.358781120352754,16.177580102373938,15.143955290439349,13.68006571511426,10.626737619057455,14.755426598034704,11.864731145371794,10.620219436092228,14.613036791909469,12.384928474603978,10.48280896122508,10.580225867844128,17.155292298707657,24.262834175937428,18.190477357710957
Naso Naso fageni,12.278199582850027,12.440232414491012,12.479201728865998,11.495649018079387,12.820820937777922,13.109019936465284,11.118120850784909,14.12696363730018,13.05999617519381,12.153120237885224,11.786445774998871,15.315728502476697,11.643567111654015,11.47887132335883,11.417699164499265,11.71644601407037,12.641792376089157,12.643552441443452,16.75420845728815,9.91934808752597,9.753412300915638,10.728060392485059,12.961188743572654,13.95364823544342,14.702339075057978,13.316035795622017,19.460018645719195,15.75595447675146,11.635818348941495,8.268472499162156,10.769180445163432,12.232690414706541,0.0,12.493181869879795,15.261398767974725,12.960342379266557,11.310018485315622,7.653217356076356,10.635102590649067,11.968703840422842,12.103560003456677,14.922692055330975,9.687632441775085,9.221929143243543,11.372562626531048,16.126433729294433,25.205747755216166,16.45780808057068
Naso Naso hexacanthus,13.219550984556463,13.19545471756657,13.947104297837553,12.16008884085016,12.339174931334046,12.78381849469131,9.318964256895157,12.709315590200367,14.228049468270752,14.060682169438222,9.604112498750295,14.7586911094633,11.635542036686228,11.940576749496193,14.558180513107429,9.562250441830425,14.365599036579887,12.10863303183678,14.240537004932346,13.198879389274419,10.66206809129532,11.03506628846143,10.84319076338542,14.130720258196767,15.47915691916815,11.89309578299374,21.587871261506457,15.568901986229754,12.436680996285444,10.808056591092884,12.335327527015444,13.358781120352754,12.493181869879795,0.0,11.850695864627019,16.280213864118934,9.924196436229888,12.274479618475489,12.114573162194127,10.806072604196006,14.033005973710162,14.105220075347404,9.330505517349353,11.411489287090063,11.597538092117354,17.6563021719655,24.959829684112048,17.076356656904867
Naso Naso lituratus,13.565081406099948,15.053489435387998,14.921771411721823,12.802810882363584,15.750670192942682,14.42997241630036,14.21752540559087,11.722409887589903,14.178310490847716,13.9495719793442,13.247219300995829,16.383947751665755,15.866147975264724,15.731478289480519,15.768604406981947,12.23898810116876,16.138102898110677,13.059048376606803,13.343934792233341,15.13245752061259,13.718045003692124,14.225262352308821,14.903982990756434,15.711337066548893,15.091852204352382,12.53468003074579,20.8472189891899,17.40494572098074,14.049057972082183,13.64867444138933,13.491475053640725,16.177580102373938,15.261398767974725,11.850695864627019,0.0,17.863088251646662,12.646287370817323,15.092526409015422,14.568856514369621,14.060009709508073,13.816060182254501,15.243642750798491,14.569301294100239,13.6766214288191,12.367183638943574,17.958087021258308,21.998948238214595,16.99121469821371
Naso Naso maculatus,11.503171263611307,12.205697737426075,13.66362638162964,11.58955874247712,13.324789451611561,16.74772518142871,13.737679135841608,16.755704750911942,13.602831854251525,12.213428834727758,15.291923130110131,18.981500669281644,12.767194038523714,12.779370997550254,11.930359008555097,13.519560183246718,15.068102799752207,15.619789544234163,17.6489418693332,14.117049698369334,13.04299727872246,14.158031276834864,14.03416248965733,16.818039855353597,12.23524193025264,14.831154028980707,16.139742087512506,15.200354348357969,13.471325096934196,12.416319437107179,11.225264816098226,15.143955290439349,12.960342379266557,16.280213864118934,17.863088251646662,0.0,15.853762311729133,13.920334518073945,11.63168649882079,15.096861541031961,14.228989375579541,19.200062705402658,14.285715430435644,15.480304189861506,12.145529200769202,19.411030483905872,21.540975509197096,14.66342994191728
Naso Naso minor,10.776102287351206,9.335843638872717,9.634140671108499,11.235582433168478,13.113378282770826,11.761497761972015,10.164929916001919,11.664108785236817,13.469083765941775,12.525180427240901,7.855499748531888,15.034658276851506,11.697386258322759,11.598585303963793,12.121881793706962,9.074748514667466,14.808194397620419,8.901806592435756,16.087375069374446,9.94663856737978,8.80351405705986,11.21594562128331,12.060805164775308,12.644302677289932,14.630177719893437,11.47248444210846,19.46221475786835,14.944523587914361,11.537307894123046,9.648040027753602,10.878128951120285,13.68006571511426,11.310018485315622,9.924196436229888,12.646287370817323,15.853762311729133,0.0,12.551502836563833,10.37033059840635,10.253979768227564,11.282934977418885,15.282303403706905,9.243148584244029,10.954699445314635,10.366293537250998,18.083175953031283,24.297204225524567,13.920140534697408
Naso Naso tonganus,12.811227474704642,12.22216232862322,12.743167050149461,11.868398489506681,12.80251613154365,12.919154692526224,10.694781239833722,13.37064734063695,12.130800595668083,11.326697775498232,11.410254784650101,13.51100490918658,10.94310328821391,11.018812499236557,12.350758578337715,11.437621178317535,13.428042928282238,13.728330307612158,15.448901441878204,9.866699456612082,10.045064013498509,12.22336795123891,13.149112827278472,13.874215916061855,15.75757827255804,13.029019002950582,19.40421244415656,15.41276887528879,12.508846807367275,8.396920167064907,11.6341132058121,10.626737619057455,7.653217356076356,12.274479618475489,15.092526409015422,13.920334518073945,12.551502836563833,0.0,12.75203064460429,10.242163739165631,11.391497075657359,13.362894848785775,9.872198847360647,7.873100334511243,11.545307104986806,14.758062486858053,25.073145432679546,17.265070122212336
Naso Naso tuberosus,11.7851734318396,7.5514153611109425,10.533274415857194,10.60854700310768,13.263014134363411,14.151632795258843,11.884461496241498,12.738214511174844,14.285865935184576,10.932628608564224,11.428501603741845,17.253273475419302,11.802709221339892,13.208443386063866,9.902088155317658,11.505767656273145,14.988152760038416,9.391744978507198,17.337370589649144,13.020644478012086,11.909479983058215,11.914338542366691,12.541586655288754,15.879920349664257,12.932644210419925,13.361846039567846,17.67587244168202,15.435305959207634,9.258034622909394,9.641381987800516,7.330559063059762,14.755426598034704,10.635102590649067,12.114573162194127,14.568856514369621,11.63168649882079,10.37033059840635,12.75203064460429,0.0,12.676945268746383,11.332809888615534,17.601094919965174,9.559595251376674,12.291140728146166,9.29312629006159,19.770202700464793,22.710879031050315,11.807256786024256
Naso Naso unicornis,12.805209459043759,11.997514126377851,12.922831274914325,11.875647700985638,12.016948611190733,11.661101051656424,9.342866156620707,12.986053394081058,12.182924091410007,11.152228980962745,10.547043318686569,15.274374247847724,9.947492524882085,11.416399846275029,13.747139359807653,10.96807869229697,15.50104041575719,14.661531144685803,13.49194348211217,9.391262566542117,10.349051433581606,12.70634519790282,14.344259960466175,13.484435474799193,16.37002309568693,12.916440340939737,19.12071531165751,14.98738885599425,11.143176192132824,9.08096790897834,12.007467456033517,11.864731145371794,11.968703840422842,10.806072604196006,14.060009709508073,15.096861541031961,10.253979768227564,10.242163739165631,12.676945268746383,0.0,13.256170482282396,14.382698282699339,10.071765119654275,11.178112690385907,10.64121041116284,17.680831903141915,23.27932221762015,17.729525047457393
Naso Naso vlamingii,10.863260068324648,8.658059775001796,10.491231165130191,10.430088831731245,14.783973545156414,14.528636581182042,13.940691241272974,9.002336508947193,11.698439994296457,8.877883779125762,11.274665869070747,17.783861040819012,14.36679957666125,14.291185581297514,7.42377250796297,13.836219531697076,12.753106069204572,11.649277756010305,15.290853248478701,13.6659846847259,11.09322918817313,13.195807821340304,14.559394325162772,14.048341220180298,14.382061167101037,11.205827257611233,17.511620277134508,15.110863264861965,10.700234176361606,10.754673064134515,9.507012374308756,10.620219436092228,12.103560003456677,14.033005973710162,13.816060182254501,14.228989375579541,11.282934977418885,11.391497075657359,11.332809888615534,13.256170482282396,0.0,14.022797130828636,10.462624318376834,9.988137454436567,9.05531746276865,16.490772234951454,23.156893126575007,13.53587899745812
Paracanthurus Paracanthurus_hepatus,15.187415212150729,15.778168502944707,16.13882191753732,15.125575222424445,16.215041113486926,16.057327201194784,14.314836646632616,11.719043004794745,14.048904013690958,15.229517159265434,13.156041520188937,15.183652736287863,16.183889281881587,15.126827866913915,16.170492014708834,15.565747340300689,12.462650767112041,16.66763299478368,15.081325947208988,14.65015406159256,13.905232360954553,16.023755495796014,16.738088842603972,16.121486196241822,19.09007090553409,13.830782303909324,23.25453643107603,17.750207848640862,15.645044419180929,14.496387095465707,15.696805216156559,14.613036791909469,14.922692055330975,14.105220075347404,15.243642750798491,19.200062705402658,15.282303403706905,13.362894848785775,17.601094919965174,14.382698282699339,14.022797130828636,0.0,13.922094696422796,13.999053496673802,14.777636515431581,12.606098030655385,26.78868099644251,21.148053077204672
