,Acanthurus Acanthurus albimento,Acanthurus Acanthurus albipectoralis,Acanthurus Acanthurus bariene,Acanthurus Acanthurus blochii,Acanthurus Acanthurus chirurgus,Acanthurus Acanthurus chronixis,Acanthurus Acanthurus dussumieri,Acanthurus Acanthurus fowleri,Acanthurus Acanthurus gahhm,Acanthurus Acanthurus grammoptilus,Acanthurus Acanthurus guttatus,Acanthurus Acanthurus japonicus,Acanthurus Acanthurus leucocheilus,Acanthurus Acanthurus leucosternon,Acanthurus Acanthurus lineatus,Acanthurus Acanthurus maculiceps,Acanthurus Acanthurus mata,Acanthurus Acanthurus monroviae,Acanthurus Acanthurus nigricans,Acanthurus Acanthurus nigricauda,Acanthurus Acanthurus nigrofuscus,Acanthurus Acanthurus nubilus,Acanthurus Acanthurus olivaceus,Acanthurus Acanthurus pyroferus,Acanthurus Acanthurus sohal,Acanthurus Acanthurus tennentii,Acanthurus Acanthurus tractus,Acanthurus Acanthurus tristis,Acanthurus Acanthurus_achilles,Acanthurus Acanthurus_triostegus,Acanthurus Acanthurus_xanthopterus,Ctenochaetus Ctenochaetus binotatus,Ctenochaetus Ctenochaetus cyanocheilus,Ctenochaetus Ctenochaetus flavicauda,Ctenochaetus Ctenochaetus hawaiiensis,Ctenochaetus Ctenochaetus marginatus,Ctenochaetus Ctenochaetus striatus,Ctenochaetus Ctenochaetus strigosus,Ctenochaetus Ctenochaetus truncatus,Naso Naso annulatus,Naso Naso brachycentron,Naso Naso brevirostris,Naso Naso caesius,Naso Naso fageni,Naso Naso hexacanthus,Naso Naso lituratus,Naso Naso maculatus,Naso Naso minor,Naso Naso tergus,Naso Naso tonganus,Naso Naso tuberosus,Naso Naso unicornis,Naso Naso vlamingii,Paracanthurus Paracanthurus_hepatus,Prionurus Prionurus chrysurus,Prionurus Prionurus laticlavius,Prionurus Prionurus microlepidotus,Zebrasoma Zebrasoma desjardinii,Zebrasoma Zebrasoma flavescens,Zebrasoma Zebrasoma gemmatum,Zebrasoma Zebrasoma scopas,Zebrasoma Zebrasoma veliferum,Zebrasoma Zebrasoma xanthurum
Acanthurus Acanthurus albimento,0.0,11.850912313022969,12.65920949296493,12.312325463926054,12.235826226189854,14.047208321642419,11.379747777432625,13.110810566042515,13.037351452345433,10.973237475556624,11.882298890660001,13.299464535355298,9.51621696677849,12.263965702450841,12.076896697383471,12.12282632571585,11.527894190749413,11.068907539826428,13.537716726841209,9.469701112345682,9.342887230888413,14.168166345657252,10.026374049312391,13.31328872239264,17.906359488401066,14.120324202821424,12.91703078876594,12.55857048312838,14.988367062019591,7.146436149701476,8.471877516170437,12.6991688152307,13.083941503763059,13.037181570645306,16.16481427897323,15.094529711370898,12.68797057902907,19.981072128416173,15.286023513847889,11.983222975662922,9.371193793766459,11.990585869095412,11.686133222206912,10.126216278250062,10.946377182294691,14.050592100908656,13.916371176521842,11.559595661868476,9.132220942090443,7.653522745280515,13.09367351802822,7.379089421661375,13.297037474803776,12.104026242682215,13.262479672886915,10.155314324705056,10.845462849845793,10.674293396729905,14.586851907574529,24.428967171586066,18.512413837242,11.402605148499065,13.989186752166288
Acanthurus Acanthurus albipectoralis,11.850912313022969,0.0,11.926062945631035,12.705952008667133,14.696886099371486,14.55212788077697,13.710951989470978,12.935703913414594,13.30568303255883,9.032053462004098,11.652227905954337,13.11149349601285,9.78393835033939,14.8411380929121,14.614223417454248,11.768404727560961,14.424463463226013,10.083775094010399,13.484096807077034,9.390112669130552,10.706044296309438,13.9558987116767,6.714873819598255,15.146479662057583,19.154549100457945,10.82837976748151,12.107489578652352,10.822099606215444,16.840498951842786,11.93233352875832,11.111302256106839,10.390664312895069,7.9346054708363924,15.49753361808802,14.28874958648254,13.19302683291707,12.088587137733365,22.531937682033206,15.909576458146066,13.21152451473217,10.339753965114081,12.138793500224592,14.678773372432131,12.163727747015978,8.60007184601787,14.44660969836724,15.035441949860509,9.790064598605744,11.73480544178241,11.955913184080885,11.870987951154222,11.609364868362084,14.385993027016717,15.680242723994215,8.309870963207773,11.019247170712843,12.586342423722522,12.570367505613788,17.919459954459978,26.541283324849907,15.446231739403329,10.40150124449833,15.526661815243415
Acanthurus Acanthurus bariene,12.65920949296493,11.926062945631035,0.0,10.756755061852518,11.55546912684372,11.323092595548053,8.642202646647824,8.197318100617721,12.116017272605795,10.833176360406204,9.958348438499515,11.810319904509091,9.678645729615413,13.214793022827106,9.317482979028041,9.145599668015839,10.057817653945987,10.554985311641715,14.919409952509577,11.204175861259463,11.955044822985228,11.019300912800466,10.637469327723908,12.85099925231702,14.12178584031199,11.10103641516194,13.141392084406773,9.754055974565885,15.401695208320891,12.362940205970856,10.563710686707037,9.403302803876814,11.45597458916201,13.052233822581881,11.341987085452667,10.462988511153558,9.533393589962932,16.178583138445454,10.665462022139549,13.614607240645471,10.937311616782871,9.720725890176043,12.588863035719532,12.278199582850027,13.219550984556463,13.565081406099948,11.503171263611307,10.776102287351206,12.399877734315165,12.811227474704642,11.7851734318396,12.805209459043759,10.863260068324648,15.187415212150729,11.425165302071548,12.495287599237518,12.428329301652685,8.757896829539593,16.815405241264113,21.530084426863624,11.333696348491985,10.307010919963805,15.187044324089255
Acanthurus Acanthurus blochii,12.312325463926054,12.705952008667133,10.756755061852518,0.0,5.720022563098018,14.677581373454192,9.601538917528675,8.327548424813234,11.570863205277483,11.307958357099853,13.545112614907506,15.081342790283985,12.522070997807537,11.14651659217322,12.211332916034124,10.246201635360599,8.885554120338599,11.18007452338016,17.371301729207122,11.960457579047883,12.55474960856112,8.345731385486772,12.141630969749663,13.810866782368358,14.852838340262155,8.961417478419158,13.864110448344004,10.118910171745434,17.26410596400004,12.155754255960897,10.835819988908641,12.754555962756854,13.529308797563614,15.193839637645674,13.479477890425418,13.327364200090988,12.964776030245881,16.255546194517738,15.086910671807386,9.108339212631375,10.454400139177885,8.53082309895438,13.886164651145002,12.440232414491012,13.19545471756657,15.053489435387998,12.205697737426075,9.335843638872717,12.408772121479164,12.22216232862322,7.5514153611109425,11.997514126377851,8.658059775001796,15.778168502944707,12.218178504455627,9.251983932980329,11.78141200932724,9.618585170157944,18.573332446374838,22.264478540518525,11.391234035852607,10.775461706665677,16.962554827243906
Acanthurus Acanthurus chirurgus,12.235826226189854,14.696886099371486,11.55546912684372,5.720022563098018,0.0,14.728604614593902,8.978331412686417,9.38279283834618,12.816041110902955,11.970835129444598,14.982888604785503,15.38906659859263,13.80023576186508,12.345083479379378,12.65424517157853,12.391484622034179,9.793071257123184,12.710745350976797,18.167178444944874,13.680058966010549,13.056216238170997,10.697828769480704,13.509147468651351,13.093436079421203,15.816342892635028,9.66715140676356,14.5736277038335,10.930452552648893,17.731029876815985,11.428640179954758,10.275494762139225,13.280615181250138,15.24880349551534,15.234884758815312,15.195429234815151,14.848334039474832,14.284362559054959,16.540979768258754,15.625045381547295,11.326409937506853,11.992237730962621,10.584550201502134,14.799772774344003,12.479201728865998,13.947104297837553,14.921771411721823,13.66362638162964,9.634140671108499,12.517717248051722,12.743167050149461,10.533274415857194,12.922831274914325,10.491231165130191,16.13882191753732,13.127186627962558,10.293981248333344,12.654022364023056,11.354871229618334,18.2489377671693,22.136165520667703,12.639774874310746,12.894619701814177,16.74560608500996
Acanthurus Acanthurus chronixis,14.047208321642419,14.55212788077697,11.323092595548053,14.677581373454192,14.728604614593902,0.0,12.304017819237666,12.18995833861357,12.986521553568707,14.783417557304537,12.048685945755436,13.207667624583864,12.768033141490779,14.425780186960896,11.256991515735123,13.855235346382871,12.987549438189316,12.855804572126923,16.734406471601414,14.260829829968097,13.226188387068573,13.701659330381727,14.428501481456598,12.737302100387414,19.429065861759003,15.593970060716925,15.171834592657685,9.813915725290386,15.73557124810553,14.789291554049527,12.99625046268447,11.31940151319657,13.70550778796027,13.811645911480428,15.781289276913704,11.545625684386097,14.787237265736936,19.446937351944932,10.97871269549356,15.515358957683162,13.339330849187776,14.445058034438842,12.803213508141624,14.040631834912215,14.206632139132862,17.005825020616363,16.94855745667536,14.2096768955531,13.867515916236865,13.727007683621949,16.374609126740257,14.336192280886472,13.405294605180645,14.562674745185308,13.146152411964904,13.466819600481667,12.882515740842333,12.43485745016594,15.05255014575671,24.61450461873545,16.39430287553426,14.6814547148808,15.549406611197153
Acanthurus Acanthurus dussumieri,11.379747777432625,13.710951989470978,8.642202646647824,9.601538917528675,8.978331412686417,12.304017819237666,0.0,8.047641192136593,12.65997609274564,12.553002061047128,12.23479715578157,12.482464584370476,12.438615758163172,11.27706026347994,9.904715784522947,10.866303136833208,8.972246360790226,11.984651923290434,17.028300228444557,11.89135086590274,12.198662247036122,10.538972232971378,12.83969304593169,10.440122289819962,14.465811449231127,11.452806605355152,13.168013536426407,9.319805487123087,15.019936392110894,11.654469972736235,8.476088849579352,11.480511794967251,13.445270713807624,13.825415528379704,12.890599446670407,13.18376240812549,13.15273941383705,15.765143802880583,12.922521190911576,11.507109747086,10.78692316408346,8.91288842486656,13.046184362308075,11.495649018079387,12.16008884085016,12.802810882363584,11.58955874247712,11.235582433168478,10.314476418186736,11.868398489506681,10.60854700310768,11.875647700985638,10.430088831731245,15.125575222424445,12.007625994855037,9.587670630149669,11.58516143864819,8.579865135077764,15.628707923126116,22.0472097887693,12.595914381201029,11.550205669748609,15.956757507657382
Acanthurus Acanthurus fowleri,13.110810566042515,12.935703913414594,8.197318100617721,8.327548424813234,9.38279283834618,12.18995833861357,8.047641192136593,0.0,12.268682686158288,12.240161673278804,12.201493065863016,13.18179180623877,11.948549447201204,11.54096539682701,10.141928677391094,10.103485559824207,8.976117333330091,10.82086164185817,16.48543358740533,12.694882765502502,11.976516283081589,9.30185954694056,12.571640742183854,12.589152276432925,14.1607040338337,8.998156625548356,13.01988044319713,7.97110616569118,17.19523293190559,13.19602726007121,9.384603778746087,11.707722339690662,12.130705567577566,13.124884086258538,12.471163082349511,13.113890509118011,12.641908962949975,16.285848076892325,13.461999433361477,10.930138727995514,10.893846595274708,9.226609203397414,13.494514643381624,12.047703813060812,13.120186684173161,13.614317472126814,11.86131895114697,10.53831915201107,11.817063404550433,12.73417010035628,9.32681224043225,13.350256745158985,9.580494107839664,16.823709320818512,12.393054355976059,11.34729296221523,11.457713230200632,9.231253533789651,18.09858948843529,22.246349294717596,9.766988589640347,10.71993593282997,16.439813393001558
Acanthurus Acanthurus gahhm,13.037351452345433,13.30568303255883,12.116017272605795,11.570863205277483,12.816041110902955,12.986521553568707,12.65997609274564,12.268682686158288,0.0,12.09689370685666,14.965429748925153,14.484686030055535,12.42608011749402,10.427741576522209,13.435150932263662,12.535088676398587,11.368424302332969,10.742634774956139,17.38482782493426,13.960920811957191,14.13198928559974,10.542205404417015,13.200012400349236,13.56501990922608,19.353182438154167,12.135554967328673,10.929416985142737,11.214166538216492,15.252470226323343,14.19595684801645,11.917016669245584,11.621738260869629,14.34834580507934,14.068301243105818,15.799637662857933,9.659137543078982,11.170646836290874,21.102555272539682,14.27237551677021,11.724741863653112,10.348178441158879,11.223317617448123,10.190076619694368,12.622492313592703,11.937825001474636,14.340803669510443,16.905478024351662,11.246425259827266,12.08549246425313,12.504821402167355,12.133184646255804,12.753503389776133,8.539286176681461,12.915811655968163,13.225851755383514,11.147309881404569,10.283642010342628,11.05616222901868,17.409277281069315,25.378813342333896,16.290330615545635,13.565574319810775,13.00627897919461
Acanthurus Acanthurus grammoptilus,10.973237475556624,9.032053462004098,10.833176360406204,11.307958357099853,11.970835129444598,14.783417557304537,12.553002061047128,12.240161673278804,12.09689370685666,0.0,11.210655256092522,11.295221353613222,7.178211138208091,13.861297425912442,13.559683402347975,12.959035361710209,13.972403800987067,8.395152237502568,15.01809622724188,9.332991180121004,12.134096830612629,14.731513077395661,8.028273173436002,15.807592731483089,18.01804644591951,9.956791746362388,11.025452082186826,11.144661189274625,16.313984091674513,9.63728684870502,10.569676528910168,9.869852538317991,10.974427381287887,13.169028993889508,15.444733985086957,13.805837875661586,10.98406824585421,19.96954402727686,13.271910293408649,12.75584232880987,10.136225378248623,12.1778716142509,13.86396344391632,11.31079192723141,10.069752510075125,14.066244733268382,15.96736666163022,6.768346729936553,11.730225937928958,12.240370247840124,10.736822081919,10.067788146588386,13.764459007625057,15.879628591795854,8.28454764643019,9.751714864981217,12.578461492051147,10.890710689856643,18.44600978913893,24.557565092947428,14.953427900936784,10.350279323464688,13.656089399521614
Acanthurus Acanthurus guttatus,11.882298890660001,11.652227905954337,9.958348438499515,13.545112614907506,14.982888604785503,12.048685945755436,12.23479715578157,12.201493065863016,14.965429748925153,11.210655256092522,0.0,10.417973327292797,8.467111353616957,15.792105227391728,10.064591849180443,10.947820329255874,13.242273779027345,10.999427601002704,13.213272358407998,8.974792334034044,11.089492357120227,14.05581634145988,10.574625745446262,15.186427279210541,17.2590522586694,14.651373396214057,13.395810086328243,10.56359922455814,14.31616667102197,11.489528192295642,11.863892725723911,8.47425956320765,9.333605520000509,11.905463277858455,11.69611628334814,12.716322412197824,11.185979524929646,18.073151282167164,10.892858716783397,13.714680894816084,10.992324260588909,12.323369967508915,11.527923795167535,12.820820937777922,12.339174931334046,15.750670192942682,13.324789451611561,13.113378282770826,12.60920402539706,12.80251613154365,13.263014134363411,12.016948611190733,14.783973545156414,16.215041113486926,11.484823830936396,12.36156395541691,13.903719888211675,9.893821526641252,17.764921291022674,21.507397997961974,16.219738021243952,8.400390605392216,15.689478101120846
Acanthurus Acanthurus japonicus,13.299464535355298,13.11149349601285,11.810319904509091,15.081342790283985,15.38906659859263,13.207667624583864,12.482464584370476,13.18179180623877,14.484686030055535,11.295221353613222,10.417973327292797,0.0,10.686899367574433,14.980470582644607,11.914359859902486,12.696766160535406,13.40355862912253,10.905385145172419,13.333217543094797,12.585516899487228,13.399699729445894,15.20551233617213,12.587566968720111,16.388210070731915,17.46094738506187,14.260938851287818,12.297215566059153,12.177183358414819,13.052270182520374,11.756559759814861,12.07689673297373,10.00364150925228,12.731753903536234,10.345991020780879,14.827720867425246,13.584266935222844,12.079564513120264,18.739413020820162,12.864593992886668,15.721847031187147,11.870040898160173,14.006306581643141,12.850041813087236,13.109019936465284,12.78381849469131,14.42997241630036,16.74772518142871,11.761497761972015,12.097092181665218,12.919154692526224,14.151632795258843,11.661101051656424,14.528636581182042,16.057327201194784,11.654422929338725,12.782841921889691,13.52626118251446,10.855384794607891,17.63942313281383,21.841689718567014,15.996133668785363,12.33011850035605,13.352754590841208
Acanthurus Acanthurus leucocheilus,9.51621696677849,9.78393835033939,9.678645729615413,12.522070997807537,13.80023576186508,12.768033141490779,12.438615758163172,11.948549447201204,12.42608011749402,7.178211138208091,8.467111353616957,10.686899367574433,0.0,14.133198081646675,11.15991800306608,12.014798278903324,12.888098697937126,8.011846683569845,12.801384841600703,8.729312068622836,10.512058155079867,14.64132383816617,7.979670834706287,15.529062302725817,16.361398502564768,12.859132382789978,11.408947077924434,10.879511562359097,14.280732300788527,10.723508378002505,10.636806537763501,9.699975337175086,10.7899107709645,12.307254575680124,14.149561796206655,12.601032046869847,10.117598973838248,18.760336001460374,11.869115914000119,12.885412967789215,9.367048311088297,12.487813780488407,11.719746336150811,11.118120850784909,9.318964256895157,14.21752540559087,13.737679135841608,10.164929916001919,11.06125638455521,10.694781239833722,11.884461496241498,9.342866156620707,13.940691241272974,14.314836646632616,10.503874576588819,10.449261013322168,11.92583177156168,10.179233593086016,17.239375974811143,23.09859776753541,16.290297572784574,10.57572409134945,13.611123418353845
Acanthurus Acanthurus leucosternon,12.263965702450841,14.8411380929121,13.214793022827106,11.14651659217322,12.345083479379378,14.425780186960896,11.27706026347994,11.54096539682701,10.427741576522209,13.861297425912442,15.792105227391728,14.980470582644607,14.133198081646675,0.0,13.401783222735647,13.436299050391021,12.40953293759882,11.078329398632492,16.996390673252648,15.339135187226033,15.129331992743314,12.185838509824139,13.599273402386483,13.649871889088686,17.902939774554643,11.86036951307906,14.509652857266751,12.499429995098449,14.11798501545411,14.41265102467495,11.513988503284708,14.885470364612706,15.384590851800697,14.57230422382467,15.84693442936999,12.748629510902253,12.783422260870653,20.425191886667392,16.589785522457156,11.847802830615976,12.851251540244668,11.873098208445912,14.140445547029902,14.12696363730018,12.709315590200367,11.722409887589903,16.755704750911942,11.664108785236817,13.502729705573165,13.37064734063695,12.738214511174844,12.986053394081058,9.002336508947193,11.719043004794745,14.762191758528235,11.46181802280863,11.614858402613471,9.950817982139265,16.45236364721398,23.223040450552258,16.551642364658903,12.879724888505233,14.285856129373588
Acanthurus Acanthurus lineatus,12.076896697383471,14.614223417454248,9.317482979028041,12.211332916034124,12.65424517157853,11.256991515735123,9.904715784522947,10.141928677391094,13.435150932263662,13.559683402347975,10.064591849180443,11.914359859902486,11.15991800306608,13.401783222735647,0.0,10.631487277556243,8.693415452188084,11.409639005440049,15.691839752327787,13.014344088597847,12.219429800751639,11.79952571725527,13.065448973810607,12.828635281735846,11.803671892847335,13.754647982127972,14.418493402130634,11.13242492068341,14.27617946277642,12.309270816422664,10.591424439880313,10.980041993995883,13.557468724836149,11.886482524425977,12.455241341584571,12.352688039673078,12.221252291723049,14.4824889538729,12.668319984051424,12.98770702704384,11.662585803495423,11.88404422125338,11.536041674738485,13.05999617519381,14.228049468270752,14.178310490847716,13.602831854251525,13.469083765941775,11.919820162067381,12.130800595668083,14.285865935184576,12.182924091410007,11.698439994296457,14.048904013690958,14.627006262560935,13.61142152964469,12.914857782374158,9.436356420600317,16.42429102214539,20.63563820661204,14.667451958125552,11.682173849189214,15.79000641390145
Acanthurus Acanthurus maculiceps,12.12282632571585,11.768404727560961,9.145599668015839,10.246201635360599,12.391484622034179,13.855235346382871,10.866303136833208,10.103485559824207,12.535088676398587,12.959035361710209,10.947820329255874,12.696766160535406,12.014798278903324,13.436299050391021,10.631487277556243,0.0,9.033578464483387,12.216529426400687,15.389631892535153,11.008358194344332,9.853531312054688,8.355851470631793,9.883844091902606,14.472234353592992,14.929395068694145,12.31744131536098,12.231350547785551,10.450885843933207,15.344244705980419,11.50770154701822,11.26865989496875,10.293002123308936,10.216291960326304,13.64146924522623,10.351759748596574,11.085031904073645,11.770076871499755,16.901029570809044,14.190467699090412,12.592016579345794,9.231325490059978,9.084840383196038,12.669868910137605,11.213113788174029,13.931313060067392,13.784576002266618,10.386650624621293,12.069346013246019,10.542558152891559,11.291980685038538,10.079280398099225,12.957315569171055,10.226709197297549,15.948127373265834,13.450430030784082,12.143226555809774,11.709479336744769,8.335256380806502,17.594529495939323,21.959398487716918,13.974890518235124,8.884499959846677,15.903598129076904
Acanthurus Acanthurus mata,11.527894190749413,14.424463463226013,10.057817653945987,8.885554120338599,9.793071257123184,12.987549438189316,8.972246360790226,8.976117333330091,11.368424302332969,13.972403800987067,13.242273779027345,13.40355862912253,12.888098697937126,12.40953293759882,8.693415452188084,9.033578464483387,0.0,12.971440625624771,16.330675037438503,13.053158821408063,12.807886617068146,8.536843013628008,13.522630985720774,12.715819988056168,12.187366758435234,12.047338699781404,14.251084707317906,10.547401972322568,15.581567326774605,12.366886558701152,11.065381929479765,11.86350755524121,15.106078449572223,13.487321171265723,12.52193839047321,12.59059643373029,12.566367753088494,13.554389167028878,14.476086175193345,10.212048777793788,10.946342251172343,9.13237542258836,12.006891788288526,12.153120237885224,14.060682169438222,13.9495719793442,12.213428834727758,12.525180427240901,10.864445524853881,11.326697775498232,10.932628608564224,11.152228980962745,8.877883779125762,15.229517159265434,14.507718687990996,12.204353420133405,11.766069654873403,8.748373521593754,17.745940169373466,20.05359900188638,12.472203673209123,11.507297279434976,16.541223223079655
Acanthurus Acanthurus monroviae,11.068907539826428,10.083775094010399,10.554985311641715,11.18007452338016,12.710745350976797,12.855804572126923,11.984651923290434,10.82086164185817,10.742634774956139,8.395152237502568,10.999427601002704,10.905385145172419,8.011846683569845,11.078329398632492,11.409639005440049,12.216529426400687,12.971440625624771,0.0,14.193772445853732,11.56586435677342,11.142903713176228,12.242246826014654,9.01093775503344,14.014017224586354,17.455307932018062,11.405004235995733,11.308358410256206,10.68814869561699,14.706669135445338,11.781186252658259,10.349928750879846,10.364293917103403,11.091185373335982,11.783799395691405,13.776237346478322,11.295636852900092,10.063048958590594,19.255502801955465,13.462923913543166,12.577863167081814,9.34018668481817,10.612330553731809,10.645579603939941,11.786445774998871,9.604112498750295,13.247219300995829,15.291923130110131,7.855499748531888,11.599943332964015,11.410254784650101,11.428501603741845,10.547043318686569,11.274665869070747,13.156041520188937,10.94146214087054,10.536353586370355,10.677730626002672,9.22792280659063,16.42780877463136,23.576039757285656,15.003028580214583,10.590479759507424,13.704999834383443
Acanthurus Acanthurus nigricans,13.537716726841209,13.484096807077034,14.919409952509577,17.371301729207122,18.167178444944874,16.734406471601414,17.028300228444557,16.48543358740533,17.38482782493426,15.01809622724188,13.213272358407998,13.333217543094797,12.801384841600703,16.996390673252648,15.691839752327787,15.389631892535153,16.330675037438503,14.193772445853732,0.0,14.674590130704873,15.11798440652466,18.55991337573784,13.270068424583462,17.506661870015243,19.507802261014486,15.858224267499494,16.190191519506815,15.875146677189763,16.43218352218437,13.678393490841879,14.496524489256329,15.035460125273447,15.480013891518645,15.376356385168952,16.262414484933725,16.484511138871426,14.865202689294916,22.468126883664056,17.86784405965466,16.942122222469283,15.573949243314125,16.452534877358598,16.989076896729678,15.315728502476697,14.7586911094633,16.383947751665755,18.981500669281644,15.034658276851506,15.841732165548239,13.51100490918658,17.253273475419302,15.274374247847724,17.783861040819012,15.183652736287863,14.137300750824151,16.080658061597067,16.401637685644932,15.873045695052877,17.75227232186307,24.489133870140975,19.397694046400247,14.095893272168368,17.306832098781225
Acanthurus Acanthurus nigricauda,9.469701112345682,9.390112669130552,11.204175861259463,11.960457579047883,13.680058966010549,14.260829829968097,11.89135086590274,12.694882765502502,13.960920811957191,9.332991180121004,8.974792334034044,12.585516899487228,8.729312068622836,15.339135187226033,13.014344088597847,11.008358194344332,13.053158821408063,11.56586435677342,14.674590130704873,0.0,9.093921992076277,13.64646153487101,9.05087358127773,14.761748580435613,18.304203034555115,13.867811461542967,12.40866639488494,11.116235589052053,16.523349901891923,9.057987654520183,10.873237073811067,10.377983584596967,9.695666117276401,13.293771075427804,14.572500040902788,14.644343360230303,13.0083789863015,20.288890710491444,13.433998985890678,12.220105210012205,9.721656655754346,12.612954921301123,12.947742753016595,11.643567111654015,11.635542036686228,15.866147975264724,12.767194038523714,11.697386258322759,9.974987191764159,10.94310328821391,11.802709221339892,9.947492524882085,14.36679957666125,16.183889281881587,9.81166737212733,10.229572782193548,12.378647292747575,11.592354862142491,15.751891897652156,25.181826567697424,16.74318673990185,9.833219077796784,15.389452206361243
Acanthurus Acanthurus nigrofuscus,9.342887230888413,10.706044296309438,11.955044822985228,12.55474960856112,13.056216238170997,13.226188387068573,12.198662247036122,11.976516283081589,14.13198928559974,12.134096830612629,11.089492357120227,13.399699729445894,10.512058155079867,15.129331992743314,12.219429800751639,9.853531312054688,12.807886617068146,11.142903713176228,15.11798440652466,9.093921992076277,0.0,12.53721149464551,9.652759451618865,14.208145091601518,18.64381369430085,14.797158335528758,12.340338724045173,11.55585832976416,17.74257136629859,9.469646344112192,9.39920665896858,11.491458560994422,9.867754439541061,12.603409109129023,14.77445075472761,14.944659974104963,14.29307370554674,20.72500406084989,15.1572426010552,13.772118351304401,8.636308627840405,12.555772068674907,12.775220424333133,11.47887132335883,11.940576749496193,15.731478289480519,12.779370997550254,11.598585303963793,9.506347106034768,11.018812499236557,13.208443386063866,11.416399846275029,14.291185581297514,15.126827866913915,12.766898560449953,11.063071998537318,12.176449650622782,12.654299027035941,16.16028182725545,25.56177256295845,18.29586953357036,11.653201533125214,15.318389441357962
Acanthurus Acanthurus nubilus,14.168166345657252,13.9558987116767,11.019300912800466,8.345731385486772,10.697828769480704,13.701659330381727,10.538972232971378,9.30185954694056,10.542205404417015,14.731513077395661,14.05581634145988,15.20551233617213,14.64132383816617,12.185838509824139,11.79952571725527,8.355851470631793,8.536843013628008,12.242246826014654,18.55991337573784,13.64646153487101,12.53721149464551,0.0,13.964029383621915,12.904763931728779,16.066541205956423,12.351727365888058,13.299677099137478,10.514864100170156,16.792510051036817,14.334060969927144,12.160869466330631,11.712029436120863,13.869633433875073,14.463199622356138,12.43316956670506,10.576847908654127,13.578764020197909,16.863306244408353,15.641039678222278,10.771497195968958,10.235148408057956,7.961135598529062,12.014748564840213,11.417699164499265,14.558180513107429,15.768604406981947,11.930359008555097,12.121881793706962,11.67499948206831,12.350758578337715,9.902088155317658,13.747139359807653,7.42377250796297,16.170492014708834,14.727516623542275,11.793719943040141,10.322147700078885,9.962226162511522,18.615709357822503,23.054894905369746,13.051643105814692,11.49263139006896,17.42631894149011
Acanthurus Acanthurus olivaceus,10.026374049312391,6.714873819598255,10.637469327723908,12.141630969749663,13.509147468651351,14.428501481456598,12.83969304593169,12.571640742183854,13.200012400349236,8.028273173436002,10.574625745446262,12.587566968720111,7.979670834706287,13.599273402386483,13.065448973810607,9.883844091902606,13.522630985720774,9.01093775503344,13.270068424583462,9.05087358127773,9.652759451618865,13.964029383621915,0.0,15.8512955518429,17.70153422825833,11.070404338564488,12.227251361846136,11.026388853605589,15.024190139320739,10.135439033765204,10.670866829515875,9.851344951433283,8.217215183892009,14.215599655917483,11.924672249545765,12.052509451298137,10.634035499943394,20.402519699395075,14.390021205036586,13.461755945237654,9.590876475837788,11.720960033973668,13.669141540730044,11.71644601407037,9.562250441830425,12.23898810116876,13.519560183246718,9.074748514667466,11.012011816941106,11.437621178317535,11.505767656273145,10.96807869229697,13.836219531697076,15.565747340300689,9.32837116581296,11.467793883072137,12.550096120817633,10.26071041427934,17.401308747272868,23.865339718523032,15.748256499096948,8.880529289281808,13.607798136924595
Acanthurus Acanthurus pyroferus,13.31328872239264,15.146479662057583,12.85099925231702,13.810866782368358,13.093436079421203,12.737302100387414,10.440122289819962,12.589152276432925,13.56501990922608,15.807592731483089,15.186427279210541,16.388210070731915,15.529062302725817,13.649871889088686,12.828635281735846,14.472234353592992,12.715819988056168,14.014017224586354,17.506661870015243,14.761748580435613,14.208145091601518,12.904763931728779,15.8512955518429,0.0,19.149150471650216,14.7942420086371,15.38128008893825,11.469043625624824,16.98874122218326,13.796330744457773,11.442618431958032,14.64309027021687,14.920807919896607,16.256349366159245,16.165841676603723,15.257169923823124,15.698232422320535,19.5257589887734,15.57394121382166,13.86591105647285,14.367865750041556,12.93734317627159,14.975004198272991,12.641792376089157,14.365599036579887,16.138102898110677,15.068102799752207,14.808194397620419,13.19466471225307,13.428042928282238,14.988152760038416,15.50104041575719,12.753106069204572,12.462650767112041,14.331390516911403,12.899713806461277,13.633571826349902,13.88728966325605,11.68593829852643,25.051580310250554,16.29824233422732,14.791088670222791,17.537608823371855
Acanthurus Acanthurus sohal,17.906359488401066,19.154549100457945,14.12178584031199,14.852838340262155,15.816342892635028,19.429065861759003,14.465811449231127,14.1607040338337,19.353182438154167,18.01804644591951,17.2590522586694,17.46094738506187,16.361398502564768,17.902939774554643,11.803671892847335,14.929395068694145,12.187366758435234,17.455307932018062,19.507802261014486,18.304203034555115,18.64381369430085,16.066541205956423,17.70153422825833,19.149150471650216,0.0,16.701881892832805,20.764554979516312,17.57244890960515,18.411539483857155,17.54950207112187,16.138970424921045,17.829702105907536,19.977020514700243,17.27625035321319,16.750979238809386,17.90956510948547,17.802215147321963,10.889660986609721,17.634747272945045,15.761906927088004,17.70411582364172,15.039785791284768,19.249280373790324,18.409333986854495,19.188225488842253,17.958189155958067,15.11197132715454,17.496944420471625,17.5807405782602,17.163899459593377,16.658304941409146,16.890232474978458,15.770961003659805,21.129496771556802,19.796096458445884,18.425474885685993,18.629254853261227,14.533816377678024,22.891656143870573,18.696706655498737,14.439169759028557,16.167604415505608,22.258388877733495
Acanthurus Acanthurus tennentii,14.120324202821424,10.82837976748151,11.10103641516194,8.961417478419158,9.66715140676356,15.593970060716925,11.452806605355152,8.998156625548356,12.135554967328673,9.956791746362388,14.651373396214057,14.260938851287818,12.859132382789978,11.86036951307906,13.754647982127972,12.31744131536098,12.047338699781404,11.405004235995733,15.858224267499494,13.867811461542967,14.797158335528758,12.351727365888058,11.070404338564488,14.7942420086371,16.701881892832805,0.0,12.767818350624152,9.592216192115421,18.261205728773216,13.533288468708061,11.12616435809882,11.445891401371123,12.417174291066743,15.548539592827817,13.486210055702736,13.388890428927633,12.000265872752088,19.601992406768474,16.443783578846812,12.176133910600358,12.59449317225442,10.893777116285243,16.17315681802559,12.643552441443452,12.10863303183678,13.059048376606803,15.619789544234163,8.901806592435756,13.373678884942166,13.728330307612158,9.391744978507198,14.661531144685803,11.649277756010305,16.66763299478368,10.382446715921885,12.01238043879148,13.004669906211397,11.091479378826646,19.826708206495127,24.052094264316516,10.257590572961185,10.76812993268031,16.54524816952547
Acanthurus Acanthurus tractus,12.91703078876594,12.107489578652352,13.141392084406773,13.864110448344004,14.5736277038335,15.171834592657685,13.168013536426407,13.01988044319713,10.929416985142737,11.025452082186826,13.395810086328243,12.297215566059153,11.408947077924434,14.509652857266751,14.418493402130634,12.231350547785551,14.251084707317906,11.308358410256206,16.190191519506815,12.40866639488494,12.340338724045173,13.299677099137478,12.227251361846136,15.38128008893825,20.764554979516312,12.767818350624152,0.0,11.24930407892307,17.20024781969589,13.211686253595438,11.98343335985639,10.644371601089762,11.338976612833621,14.0708568194441,15.864609079398901,13.003246208719002,12.582774228643126,22.606809257361956,15.359745435323227,13.672356732220733,7.870031599300619,12.424935693020457,12.573988147738447,10.213891864609865,11.015190529083673,13.245951425301095,17.120070714876704,11.367993681033608,9.835566635486936,11.208104574305928,11.635955245764334,13.183234175873581,13.613198026788565,15.121587550988924,12.105590451621447,11.500248588004,8.174917773159455,12.45396731334132,17.79222030624145,26.424668120100502,17.68983251366549,13.556507694766612,13.195291403540455
Acanthurus Acanthurus tristis,12.55857048312838,10.822099606215444,9.754055974565885,10.118910171745434,10.930452552648893,9.813915725290386,9.319805487123087,7.97110616569118,11.214166538216492,11.144661189274625,10.56359922455814,12.177183358414819,10.879511562359097,12.499429995098449,11.13242492068341,10.450885843933207,10.547401972322568,10.68814869561699,15.875146677189763,11.116235589052053,11.55585832976416,10.514864100170156,11.026388853605589,11.469043625624824,17.57244890960515,9.592216192115421,11.24930407892307,0.0,16.1550836580397,12.734696008056646,9.770497999542199,8.943303988998693,9.460661296579842,13.836349487354143,11.796710631668137,11.503409678086985,12.725662828228666,18.68668137941451,13.015436616007358,12.203932161855585,10.753812829497113,11.07258546074367,13.119843782498181,11.283461766459611,10.469988279183543,14.531982781123428,13.5595043856026,10.48979842747652,11.773786783456252,12.499126308523092,10.039250153183552,13.037668508071885,11.559446252163337,15.815112471735599,9.45310850944292,10.544273762246517,10.587674497848916,8.993495676911978,16.769216831938405,22.91741809972249,12.75933923382646,10.256087336482402,15.299999385154651
Acanthurus Acanthurus_achilles,14.988367062019591,16.840498951842786,15.401695208320891,17.26410596400004,17.731029876815985,15.73557124810553,15.019936392110894,17.19523293190559,15.252470226323343,16.313984091674513,14.31616667102197,13.052270182520374,14.280732300788527,14.11798501545411,14.27617946277642,15.344244705980419,15.581567326774605,14.706669135445338,16.43218352218437,16.523349901891923,17.74257136629859,16.792510051036817,15.024190139320739,16.98874122218326,18.411539483857155,18.261205728773216,17.20024781969589,16.1550836580397,0.0,15.977302237154564,15.797422932951495,15.264198686969104,17.198850225452702,16.03844876654005,16.624902060749736,13.772278782903689,14.548806998180657,19.93039282497222,15.411898397761618,16.246174344516312,15.92051832538826,16.019880527883327,15.009592618264623,16.75420845728815,14.240537004932346,13.343934792233341,17.6489418693332,16.087375069374446,15.722442311894536,15.448901441878204,17.337370589649144,13.49194348211217,15.290853248478701,15.081325947208988,17.11765223018306,15.230859676996777,16.0442986815657,13.108368391706392,18.08594108497854,20.742097602230544,19.734411700859976,15.835801780476487,13.71562618106852
Acanthurus Acanthurus_triostegus,7.146436149701476,11.93233352875832,12.362940205970856,12.155754255960897,11.428640179954758,14.789291554049527,11.654469972736235,13.19602726007121,14.19595684801645,9.63728684870502,11.489528192295642,11.756559759814861,10.723508378002505,14.41265102467495,12.309270816422664,11.50770154701822,12.366886558701152,11.781186252658259,13.678393490841879,9.057987654520183,9.469646344112192,14.334060969927144,10.135439033765204,13.796330744457773,17.54950207112187,13.533288468708061,13.211686253595438,12.734696008056646,15.977302237154564,0.0,7.519156501504945,12.101153040248333,12.614581883899238,12.067204804031762,15.928814119498325,15.516613384345742,13.48979800603393,19.41075978824757,14.72701571019818,12.179642879048803,9.756018777951729,12.491766149249948,13.006883130941631,9.91934808752597,13.198879389274419,15.13245752061259,14.117049698369334,9.94663856737978,10.32521575792002,9.866699456612082,13.020644478012086,9.391262566542117,13.6659846847259,14.65015406159256,11.43036151403476,10.554056218159594,12.751650068601613,11.472580113664188,14.660764051960479,24.117195155115677,17.378932859892352,11.3383885057741,14.528767288674313
Acanthurus Acanthurus_xanthopterus,8.471877516170437,11.111302256106839,10.563710686707037,10.835819988908641,10.275494762139225,12.99625046268447,8.476088849579352,9.384603778746087,11.917016669245584,10.569676528910168,11.863892725723911,12.07689673297373,10.636806537763501,11.513988503284708,10.591424439880313,11.26865989496875,11.065381929479765,10.349928750879846,14.496524489256329,10.873237073811067,9.39920665896858,12.160869466330631,10.670866829515875,11.442618431958032,16.138970424921045,11.12616435809882,11.98343335985639,9.770497999542199,15.797422932951495,7.519156501504945,0.0,11.925859711488927,11.437630324947493,11.754856369688335,14.615111135287755,13.911950880646712,12.303436024734058,19.40297593611427,14.552193439384789,10.905264480486748,8.83246529229345,10.971058059454815,11.840657876478542,9.753412300915638,10.66206809129532,13.718045003692124,13.04299727872246,8.80351405705986,10.164723673671121,10.045064013498509,11.909479983058215,10.349051433581606,11.09322918817313,13.905232360954553,10.83067891495783,9.165640078879614,10.48217519869126,10.093507982966605,15.095218380935437,24.663239749393625,15.492829316655829,11.656129931194508,14.455878146327512
