,Acanthurus Acanthurus bariene,Acanthurus Acanthurus blochii,Acanthurus Acanthurus chirurgus,Acanthurus Acanthurus dussumieri,Acanthurus Acanthurus guttatus,Acanthurus Acanthurus japonicus,Acanthurus Acanthurus leucocheilus,Acanthurus Acanthurus leucosternon,Acanthurus Acanthurus lineatus,Acanthurus Acanthurus mata,Acanthurus Acanthurus monroviae,Acanthurus Acanthurus nigricans,Acanthurus Acanthurus nigricauda,Acanthurus Acanthurus nigrofuscus,Acanthurus Acanthurus nubilus,Acanthurus Acanthurus olivaceus,Acanthurus Acanthurus pyroferus,Acanthurus Acanthurus tennentii,Acanthurus Acanthurus_achilles,Acanthurus Acanthurus_triostegus,Acanthurus Acanthurus_xanthopterus,Ctenochaetus Ctenochaetus binotatus,Ctenochaetus Ctenochaetus cyanocheilus,Ctenochaetus Ctenochaetus flavicauda,Ctenochaetus Ctenochaetus hawaiiensis,Ctenochaetus Ctenochaetus striatus,Ctenochaetus Ctenochaetus strigosus,Ctenochaetus Ctenochaetus truncatus,Naso Naso annulatus,Naso Naso brachycentron,Naso Naso brevirostris,Naso Naso caesius,Naso Naso fageni,Naso Naso hexacanthus,Naso Naso lituratus,Naso Naso maculatus,Naso Naso minor,Naso Naso tonganus,Naso Naso tuberosus,Naso Naso unicornis,Naso Naso vlamingii,Paracanthurus Paracanthurus_hepatus,Prionurus Prionurus laticlavius,Prionurus Prionurus microlepidotus,Zebrasoma Zebrasoma desjardinii,Zebrasoma Zebrasoma flavescens,Zebrasoma Zebrasoma gemmatum,Zebrasoma Zebrasoma scopas
Acanthurus Acanthurus bariene,0.0,5.435090308725816,5.7772717450530715,3.3430665457104354,4.0646512335956,7.486988399685544,5.720673334533441,7.041042547167236,3.7765098150739576,4.786025729217058,5.647686583028758,6.994186611907528,7.058599834895835,7.432563758957459,6.936203366645882,5.986773939023606,8.412428699296706,5.097505457010532,9.207241353972414,7.259489690981331,5.140916334405816,5.220662975687654,6.6332911157670384,9.280187684828876,5.861562708846963,7.190951375134447,8.606444176540979,5.988719690045384,7.420087689700741,7.24453263999432,5.6641805469977555,8.23094101224768,9.03339636180167,6.256531883622142,7.303092320180743,8.527890028953415,6.50781741859857,7.894346804481582,7.054448684450949,7.909188828481832,6.701604614451207,9.392667581738243,6.45077687870394,8.083955701075146,3.8322949928052696,10.357713945029872,11.916954203297893,4.450422383781168
Acanthurus Acanthurus blochii,5.435090308725816,0.0,3.8515892450449516,4.737614149447596,5.273629698719442,8.858304656003304,5.045517992762365,7.314524839856814,5.853163537174064,4.363820684157347,4.8770928827686735,7.769920165859025,5.791586348347448,6.524593481837845,6.452664456483043,4.650185628715991,9.579197500352251,5.0982788686063385,10.341041167421889,5.043422613936248,4.424127605236404,6.504488029980848,7.350867814412298,9.99270652737954,6.408339334497529,6.795790417290442,8.727496310065767,8.982363339677404,4.630849153144952,5.680540845404759,3.692873875722151,8.098560782114355,7.892373904745076,5.97716006239029,8.10129498870659,6.673739884450164,5.007943165128101,6.8223793702125795,4.515509821629447,6.159414961581052,6.553108175794495,8.911183309217577,4.287248146667862,8.084043007985994,3.469995824723049,11.604649567934363,12.265165341278648,7.476386020899856
Acanthurus Acanthurus chirurgus,5.7772717450530715,3.8515892450449516,0.0,4.0758991006640715,5.317826833910511,7.6945861361858,5.2841731626266695,8.122032466504162,5.017013282890044,4.49545781696721,5.811632546236786,7.740721088507276,7.0313808675289815,7.951979303997959,7.7720692742921,6.636673073548956,9.112828346525014,3.9132103605293693,10.438256697494795,4.303260949365384,3.413645478582415,5.817967816666315,8.501697846751657,9.187643953964718,7.976767388827367,7.782120412149945,8.039257918237158,8.751316372142325,6.179501914717492,7.153698049216389,5.791958380653688,8.806022424948218,7.533271367428812,6.518851201378334,8.286853554679956,9.04196953319736,4.148317249739073,7.1213407765360675,6.159808430222739,6.531102559760079,7.397939900166572,9.676182813237528,4.442976576038252,8.332361605452366,4.481724096119946,11.895722288290596,12.18349696131645,7.139263880728316
Acanthurus Acanthurus dussumieri,3.3430665457104354,4.737614149447596,4.0758991006640715,0.0,3.97561951040164,7.890592608524024,5.679727334679651,7.503068993947606,4.015744049623914,5.086071243323772,6.035165974149585,7.453285181441701,6.010240167335218,7.1446614679885485,7.4885581528189,6.282968250048851,7.445630665820168,4.654748936044203,10.314185307002564,5.866936903735015,3.0700720895108775,5.948131080242579,6.569542359373605,9.501991376146005,6.902123121355874,8.090206727934516,8.506606421835118,7.240968271821663,7.123975399440031,7.333868513372544,5.95501932541955,8.829048937430258,8.253984953066034,6.142551246929388,8.319130645480858,8.085420782460162,6.025960679169969,6.977493168648231,6.71306082358688,7.627260730650488,7.36012813472344,9.601593910959433,5.478484364051376,8.015137017689732,4.066786362125519,9.903571997360359,12.658947378693167,5.764447291417266
Acanthurus Acanthurus guttatus,4.0646512335956,5.273629698719442,5.317826833910511,3.97561951040164,0.0,7.477025038058484,4.302225877330879,9.415088157131255,5.133987409313622,5.555117188137997,6.287528798401655,5.33668462080548,5.378618976570909,6.231811448995683,8.034773055039446,4.716462473713074,9.373916750569462,4.936535723793108,10.30139867134112,5.67806676000745,4.510078010792256,5.2792459699674765,5.642858500909789,9.429316895660907,5.619261534791414,7.842310698904934,8.692207977099127,7.4553933050926675,7.265019301020203,6.8213026663268534,5.694381730594979,8.901726185291071,8.653437872012006,5.519626444390858,7.9467524472178175,7.456949434453795,5.874825402043765,7.666838918763144,6.160590384654216,6.94910730589106,8.645500709546631,10.845514194940133,5.9107558092655585,8.717394195161855,5.120002169210464,11.728886235068044,11.910040025944443,5.862498473231744
Acanthurus Acanthurus japonicus,7.486988399685544,8.858304656003304,7.6945861361858,7.890592608524024,7.477025038058484,0.0,7.21784703567953,10.180518234678589,6.152335482808966,7.217597444488224,6.780330480583522,6.702726542381795,10.273255312480286,9.741436659671281,10.578136134245478,8.898978909944399,12.476337756565473,7.160787700211564,9.931800649760508,8.529838233524345,8.124263226196675,7.074047351421661,10.01423717346856,7.221364163293493,9.211836307823964,9.17914290378704,6.275286012448887,8.584193567435877,10.426664515087133,9.957360829370014,9.418732831037964,10.682099686068227,10.826138378732892,8.2875095353354,7.965721987335636,12.399034511897726,6.571316450201735,10.093788217325185,9.570305713264165,8.570888679412993,10.232836117058662,12.61254039742615,9.658459949767252,10.3026014657153,7.3035603746336895,13.731682135051841,7.422704483634898,6.997751102740803
Acanthurus Acanthurus leucocheilus,5.720673334533441,5.045517992762365,5.2841731626266695,5.679727334679651,4.302225877330879,7.21784703567953,0.0,8.678842954115868,5.850362856223008,5.6532119382854455,4.962406913521955,4.545038776598313,6.3867365679151655,7.937103803519712,8.824607036985956,5.439543749830333,10.540571383250988,5.686093209696069,9.23060888415178,5.684741006109636,5.678532390072622,6.2571676858391525,8.755000637642608,9.023942094032773,7.736502353939423,7.538417206313107,7.090287405331003,8.023084644941314,5.816307392890807,7.148940062884985,5.8712454695912815,9.024836707567905,8.609896227075199,3.8841647288845254,8.181832202953126,8.697909879094953,4.944501924339984,7.51995322934363,5.849675987780049,4.920096557278893,8.521878702886614,9.904255678644223,4.701737305624514,9.115249796390007,5.149582172704443,12.51189663026857,10.624250551311281,6.601798204889006
Acanthurus Acanthurus leucosternon,7.041042547167236,7.314524839856814,8.122032466504162,7.503068993947606,9.415088157131255,10.180518234678589,8.678842954115868,0.0,6.623146751708429,7.310848192011775,7.150289075633262,10.494130673816324,10.738308545414833,11.157720097732271,8.45597446002171,9.390612540123085,10.769109787766196,8.471594184952721,8.40037437448881,9.623747371989761,8.452198984029575,9.395437441061567,11.467602039704742,11.188722438429068,10.321833492214607,7.909158273928313,10.47902978453388,9.618873103607404,8.7752356918781,9.615316879230893,8.277006834578078,9.333395128278068,11.075569417904374,8.697964363409508,7.869588710278424,11.737638919847194,8.247342146359786,9.63843536995881,9.758632560074233,8.61211118088756,6.541536735133381,6.95098541009275,8.571410135051368,9.590293815638631,5.637139378462081,11.483458466299227,12.554760617106458,9.94550958876472
Acanthurus Acanthurus lineatus,3.7765098150739576,5.853163537174064,5.017013282890044,4.015744049623914,5.133987409313622,6.152335482808966,5.850362856223008,6.623146751708429,0.0,4.339666518929639,5.0218877985568,6.804078338710044,8.45711889269136,8.166637171735912,7.301225303467047,7.461930419712409,8.353592746053716,5.558947455027628,8.522012195780734,6.919069508480284,4.703665654997298,5.725337979504934,8.162792425030306,8.274695476660408,7.6787836657016335,7.176205021586297,7.791961083441333,7.02981546877811,7.800572476409939,7.453767287336834,6.367450448653559,7.822848484066127,8.944024807609601,6.464809388442004,6.663449084757652,10.00296135146292,5.810884561688956,7.48692281647464,7.887977866849277,7.255441769032953,6.335856057682381,8.442366464851899,6.769610496285359,7.624375164401032,3.7516895172908944,10.240212258015166,10.92572348523949,6.219571920319198
Acanthurus Acanthurus mata,4.786025729217058,4.363820684157347,4.49545781696721,5.086071243323772,5.555117188137997,7.217597444488224,5.6532119382854455,7.310848192011775,4.339666518929639,0.0,5.69389726198392,7.341503328542732,7.442224459496065,7.486513088383857,5.8175703885775905,6.383037002888952,9.282505975326414,4.639368351041218,9.251939374120752,6.2430003103528176,5.385544059930457,4.581888338597989,7.90881372163503,8.077417305097912,6.1341277766286515,5.366710585166579,7.691718029446844,7.735969104211466,6.119505047055634,5.994949387731918,4.942257964159109,6.302198017899352,7.575762191571812,6.117210545219481,6.401114312020532,8.541466288709236,5.814773606381113,6.600820597095861,5.798456793791744,7.10352554969724,4.6832627069361115,9.136306785268127,5.119295178693304,7.198293311228895,3.3953336306352213,11.469063397042774,11.207560124581471,6.493491918924702
Acanthurus Acanthurus monroviae,5.647686583028758,4.8770928827686735,5.811632546236786,6.035165974149585,6.287528798401655,6.780330480583522,4.962406913521955,7.150289075633262,5.0218877985568,5.69389726198392,0.0,6.698119346111284,8.415068002408011,8.420437838853942,8.090110544482453,6.601024085514396,10.263367824642602,6.282940599380935,8.979222035945307,7.280696381210689,6.050043055465781,7.066290504245283,9.149871590634095,8.429601128835422,7.916834367155992,7.257691109937668,6.947738086653046,8.15619827802782,6.762572663840955,7.244781049714997,5.600734939169448,8.457630914636223,9.665639686814291,5.637697021444195,7.439795196784169,9.221618691111285,4.8739344814663115,7.822823715259132,7.131960080412906,6.500878078555935,7.4732135786005,8.26599885066048,7.118279495676944,8.342456627609229,4.01026682872147,11.58666328137983,9.855222375757345,6.751335658146089
Acanthurus Acanthurus nigricans,6.994186611907528,7.769920165859025,7.740721088507276,7.453285181441701,5.33668462080548,6.702726542381795,4.545038776598313,10.494130673816324,6.804078338710044,7.341503328542732,6.698119346111284,0.0,7.4557958339324975,7.921958101053525,10.060767780521681,6.653482109554775,11.76476411850962,7.23741380484349,10.278170466343472,6.95232086510941,7.845170947740803,6.477501848957878,9.157142148993513,8.582348169094118,8.241590645643065,9.20729233728165,7.658386014460408,8.448928766391013,9.041547780129294,8.881906705936673,7.946632658457179,10.142280257501243,9.759601012317002,6.854669633682973,9.364420319029364,10.194987157984778,6.882181366570427,8.686743401603138,8.203789026072844,7.715565226719781,10.33408014337244,11.270267578913293,7.967692947762514,10.428778004179698,7.2482139975605335,12.66784979248436,11.085928442371449,7.789370069566619
Acanthurus Acanthurus nigricauda,7.058599834895835,5.791586348347448,7.0313808675289815,6.010240167335218,5.378618976570909,10.273255312480286,6.3867365679151655,10.738308545414833,8.45711889269136,7.442224459496065,8.415068002408011,7.4557958339324975,0.0,6.127930063023048,9.129850995106565,4.681167197148009,10.404012826428175,7.055148686164467,12.395242163046058,5.438856788502614,6.8526068566391745,7.688074324081317,6.838742801101346,11.742439733099246,6.868141837678402,9.944377937465282,10.419553978855763,10.153411496842915,7.60375167813642,8.01392032386694,6.930914275675684,10.701546309810933,8.712453012892162,7.6598215711519915,10.457606600984457,6.280467634281931,7.9703426611683525,7.962174899866255,6.130357876407153,8.038873880312249,10.064916698596425,11.950061916867698,6.111591044757443,10.14073486591458,7.265906624876897,10.8555117047576,14.067642862693177,8.591903025458365
Acanthurus Acanthurus nigrofuscus,7.432563758957459,6.524593481837845,7.951979303997959,7.1446614679885485,6.231811448995683,9.741436659671281,7.937103803519712,11.157720097732271,8.166637171735912,7.486513088383857,8.420437838853942,7.921958101053525,6.127930063023048,0.0,7.333564447343055,5.490941545307763,10.86529811965123,8.391389686586269,12.500641757310285,6.504481969945677,6.946327117767307,8.059746194701807,5.409556314803164,10.54876271886332,6.064317547057878,10.688998104888695,9.793166608558522,10.140223128323255,8.727623200753087,7.660987056165263,6.5354054277893,10.833877780363679,9.282382861132533,8.937042305332392,10.851764405502548,5.4083996202653415,8.51801007084012,8.927070152986868,6.508097492453716,9.463695917718104,10.270266048457502,12.484946658118606,8.165166399813018,10.285075446670529,7.898905754611637,12.65769981054028,13.553226679862258,8.835416290229007
Acanthurus Acanthurus nubilus,6.936203366645882,6.452664456483043,7.7720692742921,7.4885581528189,8.034773055039446,10.578136134245478,8.824607036985956,8.45597446002171,7.301225303467047,5.8175703885775905,8.090110544482453,10.060767780521681,9.129850995106565,7.333564447343055,0.0,7.829468013882168,9.5168245330146,8.199940425799188,10.311887085034154,8.756451388411636,7.6290168695996,6.661138511971196,7.732546727765766,10.768725990806693,6.132963679582741,8.747596288313105,10.38257237349822,9.397752416688592,7.479234251598846,5.54387152484808,4.420802171964567,7.640193351223092,7.39997020057584,8.664258873757253,9.172928491181366,7.37197132663086,8.708667601282313,7.216158952433174,6.678875271644692,9.890040915571536,5.6648004592579,10.08755966898382,7.347484511063645,6.699442750401994,6.834696949746395,11.919214712581487,13.317817040475441,8.991681908171762
Acanthurus Acanthurus olivaceus,5.986773939023606,4.650185628715991,6.636673073548956,6.282968250048851,4.716462473713074,8.898978909944399,5.439543749830333,9.390612540123085,7.461930419712409,6.383037002888952,6.601024085514396,6.653482109554775,4.681167197148009,5.490941545307763,7.829468013882168,0.0,11.242185061545912,5.911536002194534,10.812768895777554,5.883452067544338,6.815023441158672,6.36111251321046,6.1410385957924145,10.917738503475258,4.734112248483278,8.36868689874995,9.740834945209073,9.638904345300698,7.054206952520874,6.792310429384018,5.429769090046959,10.047130695127688,8.611353586399797,6.512065002236431,8.203347324239601,6.461360451289927,6.440986763496738,8.196565930368537,4.69178552410612,7.142299790177898,9.252483866820315,11.275032221946367,6.365324908056172,9.679716982283772,5.762694919599246,12.908113278104704,12.215120095660593,7.7152496751100745
Acanthurus Acanthurus pyroferus,8.412428699296706,9.579197500352251,9.112828346525014,7.445630665820168,9.373916750569462,12.476337756565473,10.540571383250988,10.769109787766196,8.353592746053716,9.282505975326414,10.263367824642602,11.76476411850962,10.404012826428175,10.86529811965123,9.5168245330146,11.242185061545912,0.0,9.98685517199337,12.57996058607973,10.881511521653822,8.732213152340071,9.896872151972977,10.138504760534534,13.110154640664152,10.678046336831992,11.979425769094737,12.183189286346408,10.627262663020412,11.07193492821657,11.243833205444462,9.762694359930487,11.774453945223954,10.64071553134088,10.047672938009796,12.27124702882158,11.158153798651758,11.273149422468554,10.573427876298936,10.711770650152198,11.99067419102023,9.396280255644518,9.276473389043328,9.118952799150478,10.605288746062163,9.122825310008162,8.545527005061272,15.821336425032591,10.521357416367154
Acanthurus Acanthurus tennentii,5.097505457010532,5.0982788686063385,3.9132103605293693,4.654748936044203,4.936535723793108,7.160787700211564,5.686093209696069,8.471594184952721,5.558947455027628,4.639368351041218,6.282940599380935,7.23741380484349,7.055148686164467,8.391389686586269,8.199940425799188,5.911536002194534,9.98685517199337,0.0,10.712166742369035,6.292609620990755,5.75976084976628,3.8986254766867363,7.665596211196766,9.448619939282557,6.461327986417512,6.766355428542833,8.691747178780279,8.703589507831978,8.037511702656321,7.76704095263972,6.65521849492125,9.208103345586014,7.96138873257335,6.235775558684877,7.056687137966442,9.408319039989046,5.667002822327914,7.366414799607539,6.145688973030222,8.113171945533153,7.918717614291545,10.34354161144321,5.807188928266724,8.629828075737072,4.354559969779003,12.635923641128402,11.924047563747283,6.1405103511241315
Acanthurus Acanthurus_achilles,9.207241353972414,10.341041167421889,10.438256697494795,10.314185307002564,10.30139867134112,9.931800649760508,9.23060888415178,8.40037437448881,8.522012195780734,9.251939374120752,8.979222035945307,10.278170466343472,12.395242163046058,12.500641757310285,10.311887085034154,10.812768895777554,12.57996058607973,10.712166742369035,0.0,11.495709995467575,10.815208656379344,10.236633644924352,12.916976370007411,12.098167127645,11.399399095345167,10.031455926379278,11.1171903384444,10.471822142345417,10.846611892099995,11.391892571171345,10.204759924140472,10.813864177763312,12.65402058544304,8.521704602968223,8.803075239882116,12.93706235596339,9.145686555506938,11.593974897720638,11.20950686060426,8.14658466074595,9.548868345759406,10.492382365840795,10.313241916058194,11.51865910989247,9.138125262056018,13.906134176811651,9.961321395608932,10.882647597742011
Acanthurus Acanthurus_triostegus,7.259489690981331,5.043422613936248,4.303260949365384,5.866936903735015,5.67806676000745,8.529838233524345,5.684741006109636,9.623747371989761,6.919069508480284,6.2430003103528176,7.280696381210689,6.95232086510941,5.438856788502614,6.504481969945677,8.756451388411636,5.883452067544338,10.881511521653822,6.292609620990755,11.495709995467575,0.0,5.051793005580737,7.232243646996139,8.702845743265696,9.609818888754097,8.401576378938232,9.556723935129746,8.647057947043606,9.80843378909061,6.686225585746797,7.706412151553076,6.57476944999555,9.988039304676605,8.095490210819358,8.101124628995134,9.598580949257174,8.551755566010158,5.0999235284556175,8.201175128195803,6.689048944515689,6.317837285252182,9.447900201089913,11.06981108990116,5.6652714509809305,9.727463911505177,6.570145567505281,11.924458637915594,12.933469722915454,8.785291745912259
Acanthurus Acanthurus_xanthopterus,5.140916334405816,4.424127605236404,3.413645478582415,3.0700720895108775,4.510078010792256,8.124263226196675,5.678532390072622,8.452198984029575,4.703665654997298,5.385544059930457,6.050043055465781,7.845170947740803,6.8526068566391745,6.946327117767307,7.6290168695996,6.815023441158672,8.732213152340071,5.75976084976628,10.815208656379344,5.051793005580737,0.0,7.014802287000674,7.3647696810318095,9.294553976224353,7.813905094527975,8.542310001578326,8.297990737664673,7.969672858504681,6.099797790289234,6.645959442831181,5.4909230809796865,8.535858310538854,8.270236058473355,6.621861412163783,9.028302554486661,7.936844615522162,5.230600793430275,7.1703282520719585,6.726331406929813,6.905031891089386,7.791549576720231,10.418349204620165,5.599675177388919,8.131072384280015,4.8861856739287655,11.347606641993165,12.615594919950503,6.752310835544729
Ctenochaetus Ctenochaetus binotatus,5.220662975687654,6.504488029980848,5.817967816666315,5.948131080242579,5.2792459699674765,7.074047351421661,6.2571676858391525,9.395437441061567,5.725337979504934,4.581888338597989,7.066290504245283,6.477501848957878,7.688074324081317,8.059746194701807,6.661138511971196,6.36111251321046,9.896872151972977,3.8986254766867363,10.236633644924352,7.232243646996139,7.014802287000674,0.0,7.377715121090614,9.080616510490373,5.285782386580659,7.515699953651661,8.690691436152026,7.993459866164675,8.352522306995633,6.9261356163974135,6.074919916896819,8.468498716304447,6.977453055299718,6.918215947261344,7.432786856596635,9.398281567174783,6.804586527301329,6.968361186498313,6.316732828393979,9.032339334642053,7.448878296694603,10.889898522015176,6.444274241550679,7.7231120684623376,5.678615250357546,12.387077574711569,11.774311780393651,6.1710834981781675
Ctenochaetus Ctenochaetus cyanocheilus,6.6332911157670384,7.350867814412298,8.501697846751657,6.569542359373605,5.642858500909789,10.01423717346856,8.755000637642608,11.467602039704742,8.162792425030306,7.90881372163503,9.149871590634095,9.157142148993513,6.838742801101346,5.409556314803164,7.732546727765766,6.1410385957924145,10.138504760534534,7.665596211196766,12.916976370007411,8.702845743265696,7.3647696810318095,7.377715121090614,0.0,11.597171592590373,4.087094528298774,9.817296696487192,11.20428766525432,9.87158503431552,9.858959988607326,7.766116008050534,7.153056708419482,10.730604306587635,10.084366198296783,8.591458371515094,9.924905551645683,6.546407571954328,9.277128435221304,9.579570645095993,7.132788402881256,10.7524987196617,10.24712178266918,13.116724698377944,8.910093181103864,9.751289696542461,7.617693767035046,12.615207083487244,13.808874820047876,8.043040797800863
Ctenochaetus Ctenochaetus flavicauda,9.280187684828876,9.99270652737954,9.187643953964718,9.501991376146005,9.429316895660907,7.221364163293493,9.023942094032773,11.188722438429068,8.274695476660408,8.077417305097912,8.429601128835422,8.582348169094118,11.742439733099246,10.54876271886332,10.768725990806693,10.917738503475258,13.110154640664152,9.448619939282557,12.098167127645,9.609818888754097,9.294553976224353,9.080616510490373,11.597171592590373,0.0,10.720892483333026,9.738152064875557,4.3182946535351245,7.7900331803180975,10.641767349400917,10.546529150971766,10.002723187325648,9.960073054037098,11.730528403929544,10.04464657803817,9.959281202029285,12.825046581211764,7.901505373623672,10.97106986820977,11.108785777264924,10.679137140732285,10.187493655888506,12.780942916839601,10.72890530373376,10.588911415457913,8.88664396923475,14.173410978676364,11.616509969349798,8.236899955299128
Ctenochaetus Ctenochaetus hawaiiensis,5.861562708846963,6.408339334497529,7.976767388827367,6.902123121355874,5.619261534791414,9.211836307823964,7.736502353939423,10.321833492214607,7.6787836657016335,6.1341277766286515,7.916834367155992,8.241590645643065,6.868141837678402,6.064317547057878,6.132963679582741,4.734112248483278,10.678046336831992,6.461327986417512,11.399399095345167,8.401576378938232,7.813905094527975,5.285782386580659,4.087094528298774,10.720892483333026,0.0,8.0259523554009,10.378264515637527,9.196659648386717,8.60367235476732,6.529316073250274,5.645976554974732,9.052198528316186,8.987864454107925,7.543170496931312,8.136135299908872,6.6368435367331,8.29918732781334,8.56638129662349,5.936519045405838,9.905460188608613,8.304221511905192,12.188346653809177,7.866826975639218,8.647907726421533,6.469586375307146,12.955234336542597,12.429611798151527,7.270969245994438
Ctenochaetus Ctenochaetus striatus,7.190951375134447,6.795790417290442,7.782120412149945,8.090206727934516,7.842310698904934,9.17914290378704,7.538417206313107,7.909158273928313,7.176205021586297,5.366710585166579,7.257691109937668,9.20729233728165,9.944377937465282,10.688998104888695,8.747596288313105,8.36868689874995,11.979425769094737,6.766355428542833,10.031455926379278,9.556723935129746,8.542310001578326,7.515699953651661,9.817296696487192,9.738152064875557,8.0259523554009,0.0,10.032166587266051,9.399851826029904,8.241517795106915,7.990334916036293,7.674703407026304,6.3176087485343215,10.553227356122655,7.1840617824522,6.406646211494678,10.844512352013238,7.982648467525155,9.089410153016663,8.565537267491406,8.45179915025047,6.3527449835320295,9.19744488074566,8.128596727896243,8.498521316438168,5.00370062586909,13.582249392015612,11.553604998991874,8.622469298151621
Ctenochaetus Ctenochaetus strigosus,8.606444176540979,8.727496310065767,8.039257918237158,8.506606421835118,8.692207977099127,6.275286012448887,7.090287405331003,10.47902978453388,7.791961083441333,7.691718029446844,6.947738086653046,7.658386014460408,10.419553978855763,9.793166608558522,10.38257237349822,9.740834945209073,12.183189286346408,8.691747178780279,11.1171903384444,8.647057947043606,8.297990737664673,8.690691436152026,11.20428766525432,4.3182946535351245,10.378264515637527,10.032166587266051,0.0,7.575509289162179,9.159926991113577,10.005402333993567,9.048203036832811,10.7030676505483,10.707122902850122,8.180385174320774,10.121333532215454,11.692340880940103,6.7677503568433295,10.051908838055171,9.481956805167117,9.17983411541931,9.97908707707454,12.293333327449284,8.95713789618144,10.454246860379376,8.178388268218166,13.678694633581582,10.049616132856876,7.093862696090597
Ctenochaetus Ctenochaetus truncatus,5.988719690045384,8.982363339677404,8.751316372142325,7.240968271821663,7.4553933050926675,8.584193567435877,8.023084644941314,9.618873103607404,7.02981546877811,7.735969104211466,8.15619827802782,8.448928766391013,10.153411496842915,10.140223128323255,9.397752416688592,9.638904345300698,10.627262663020412,8.703589507831978,10.471822142345417,9.80843378909061,7.969672858504681,7.993459866164675,9.87158503431552,7.7900331803180975,9.196659648386717,9.399851826029904,7.575509289162179,0.0,9.343337443340264,9.76430362044537,8.466082958813042,9.17527389609428,11.313283213471708,8.957300970887191,10.228846097015417,11.207503556157496,8.086195853466014,10.288246749115059,10.442650595438144,10.245712421389245,8.717274891363793,11.713987998036522,9.387918984188577,9.929881233307764,7.75887412956449,11.848272685862336,13.0674624020305,5.661007793030968
Naso Naso annulatus,7.420087689700741,4.630849153144952,6.179501914717492,7.123975399440031,7.265019301020203,10.426664515087133,5.816307392890807,8.7752356918781,7.800572476409939,6.119505047055634,6.762572663840955,9.041547780129294,7.60375167813642,8.727623200753087,7.479234251598846,7.054206952520874,11.07193492821657,8.037511702656321,10.846611892099995,6.686225585746797,6.099797790289234,8.352522306995633,9.858959988607326,10.641767349400917,8.60367235476732,8.241517795106915,9.159926991113577,9.343337443340264,0.0,5.2756249447489125,4.425894997109212,7.750510677966719,7.983392001255995,7.113733412282645,9.682570915171631,8.116047267385657,6.526988547550455,7.403034278359341,5.957080365574581,6.120269375363002,7.100408900961189,10.499767929143806,4.957347350601839,8.08781086999535,6.143020640162227,12.705710079745627,13.014123081890228,8.504541811696281
Naso Naso brachycentron,7.24453263999432,5.680540845404759,7.153698049216389,7.333868513372544,6.8213026663268534,9.957360829370014,7.148940062884985,9.615316879230893,7.453767287336834,5.994949387731918,7.244781049714997,8.881906705936673,8.01392032386694,7.660987056165263,5.54387152484808,6.792310429384018,11.243833205444462,7.76704095263972,11.391892571171345,7.706412151553076,6.645959442831181,6.9261356163974135,7.766116008050534,10.546529150971766,6.529316073250274,7.990334916036293,10.005402333993567,9.76430362044537,5.2756249447489125,0.0,3.23809460296193,6.71560905215148,6.619032325811701,7.744749647001276,8.591096084151532,7.03826080818005,7.736882480762597,5.819035288475959,5.221243129486603,7.988090748627637,7.148246813508084,11.102842133657008,6.792727728904395,6.474201534733024,6.322667392395544,12.795920532036222,12.96272425413676,8.55389829361826
Naso Naso brevirostris,5.6641805469977555,3.692873875722151,5.791958380653688,5.95501932541955,5.694381730594979,9.418732831037964,5.8712454695912815,8.277006834578078,6.367450448653559,4.942257964159109,5.600734939169448,7.946632658457179,6.930914275675684,6.5354054277893,4.420802171964567,5.429769090046959,9.762694359930487,6.65521849492125,10.204759924140472,6.57476944999555,5.4909230809796865,6.074919916896819,7.153056708419482,10.002723187325648,5.645976554974732,7.674703407026304,9.048203036832811,8.466082958813042,4.425894997109212,3.23809460296193,0.0,7.232884665007399,6.854914492743698,6.588382746797234,8.427065117730645,5.963831625955025,6.229952433188546,6.202297666055834,4.342493467098257,7.192783721775823,6.235438502256201,9.660047313915092,5.3073634058359485,6.8883250476098645,4.991617634639122,11.747020465189834,12.490734619877806,7.48654321497286
Naso Naso caesius,8.23094101224768,8.098560782114355,8.806022424948218,8.829048937430258,8.901726185291071,10.682099686068227,9.024836707567905,9.333395128278068,7.822848484066127,6.302198017899352,8.457630914636223,10.142280257501243,10.701546309810933,10.833877780363679,7.640193351223092,10.047130695127688,11.774453945223954,9.208103345586014,10.813864177763312,9.988039304676605,8.535858310538854,8.468498716304447,10.730604306587635,9.960073054037098,9.052198528316186,6.3176087485343215,10.7030676505483,9.17527389609428,7.750510677966719,6.71560905215148,7.232884665007399,0.0,10.459874370803409,9.101057069228101,9.060468368983019,10.649298453316987,9.31057727150351,7.946750133886656,9.864269882076071,9.576143240304777,5.469244273694867,10.313791619063371,9.17606643888703,7.540835886717586,7.176819760709962,12.72496767031834,13.27997764221614,9.604952523666073
Naso Naso fageni,9.03339636180167,7.892373904745076,7.533271367428812,8.253984953066034,8.653437872012006,10.826138378732892,8.609896227075199,11.075569417904374,8.944024807609601,7.575762191571812,9.665639686814291,9.759601012317002,8.712453012892162,9.282382861132533,7.39997020057584,8.611353586399797,10.64071553134088,7.96138873257335,12.65402058544304,8.095490210819358,8.270236058473355,6.977453055299718,10.084366198296783,11.730528403929544,8.987864454107925,10.553227356122655,10.707122902850122,11.313283213471708,7.983392001255995,6.619032325811701,6.854914492743698,10.459874370803409,0.0,9.301018931765869,10.713703977510386,9.390991471437594,9.209783472945947,5.706102580125788,6.359378893165493,9.875311196069688,9.263620518928978,11.923122548300757,6.792041607838877,7.33879822883087,8.511985291491444,12.944652032324234,14.501795537766204,9.942595253786711
Naso Naso hexacanthus,6.256531883622142,5.97716006239029,6.518851201378334,6.142551246929388,5.519626444390858,8.2875095353354,3.8841647288845254,8.697964363409508,6.464809388442004,6.117210545219481,5.637697021444195,6.854669633682973,7.6598215711519915,8.937042305332392,8.664258873757253,6.512065002236431,10.047672938009796,6.235775558684877,8.521704602968223,8.101124628995134,6.621861412163783,6.918215947261344,8.591458371515094,10.04464657803817,7.543170496931312,7.1840617824522,8.180385174320774,8.957300970887191,7.113733412282645,7.744749647001276,6.588382746797234,9.101057069228101,9.301018931765869,0.0,7.906897817031818,8.433141026302739,6.6573953675971165,7.639142547863665,6.17080980023929,6.545368112185484,8.346431920580736,9.999608184694544,5.599446411842038,8.950523624444244,5.490653453486266,13.075799867432702,10.299235064255514,7.081945198760969
Naso Naso lituratus,7.303092320180743,8.10129498870659,8.286853554679956,8.319130645480858,7.9467524472178175,7.965721987335636,8.181832202953126,7.869588710278424,6.663449084757652,6.401114312020532,7.439795196784169,9.364420319029364,10.457606600984457,10.851764405502548,9.172928491181366,8.203347324239601,12.27124702882158,7.056687137966442,8.803075239882116,9.598580949257174,9.028302554486661,7.432786856596635,9.924905551645683,9.959281202029285,8.136135299908872,6.406646211494678,10.121333532215454,10.228846097015417,9.682570915171631,8.591096084151532,8.427065117730645,9.060468368983019,10.713703977510386,7.906897817031818,0.0,11.796168707166187,7.614389303732411,9.85551250049843,8.86596599515567,8.197357656211473,7.993712629292188,10.405038712263588,9.3102836950499,8.888370923457561,5.972104610728639,13.448032777324437,10.488439084262557,8.937232680712025
Naso Naso maculatus,8.527890028953415,6.673739884450164,9.04196953319736,8.085420782460162,7.456949434453795,12.399034511897726,8.697909879094953,11.737638919847194,10.00296135146292,8.541466288709236,9.221618691111285,10.194987157984778,6.280467634281931,5.4083996202653415,7.37197132663086,6.461360451289927,11.158153798651758,9.408319039989046,12.93706235596339,8.551755566010158,7.936844615522162,9.398281567174783,6.546407571954328,12.825046581211764,6.6368435367331,10.844512352013238,11.692340880940103,11.207503556157496,8.116047267385657,7.03826080818005,5.963831625955025,10.649298453316987,9.390991471437594,8.433141026302739,11.796168707166187,0.0,9.884957334618004,8.42813703724179,5.924899529570983,9.97719046603987,10.190174751953768,12.73318144673356,7.864517745530987,10.288314986222336,8.685449186224032,13.089530741590249,14.844954635603436,9.874754016692524
Naso Naso minor,6.50781741859857,5.007943165128101,4.148317249739073,6.025960679169969,5.874825402043765,6.571316450201735,4.944501924339984,8.247342146359786,5.810884561688956,5.814773606381113,4.8739344814663115,6.882181366570427,7.9703426611683525,8.51801007084012,8.708667601282313,6.440986763496738,11.273149422468554,5.667002822327914,9.145686555506938,5.0999235284556175,5.230600793430275,6.804586527301329,9.277128435221304,7.901505373623672,8.29918732781334,7.982648467525155,6.7677503568433295,8.086195853466014,6.526988547550455,7.736882480762597,6.229952433188546,9.31057727150351,9.209783472945947,6.6573953675971165,7.614389303732411,9.884957334618004,0.0,8.746430953374196,7.193293450621712,5.3995762575774675,8.436870575107,10.511634226607905,6.387117149034571,9.148345918311202,5.247972799114689,12.898642178575669,10.477253626103126,7.312315938851476
Naso Naso tonganus,7.894346804481582,6.8223793702125795,7.1213407765360675,6.977493168648231,7.666838918763144,10.093788217325185,7.51995322934363,9.63843536995881,7.48692281647464,6.600820597095861,7.822823715259132,8.686743401603138,7.962174899866255,8.927070152986868,7.216158952433174,8.196565930368537,10.573427876298936,7.366414799607539,11.593974897720638,8.201175128195803,7.1703282520719585,6.968361186498313,9.579570645095993,10.97106986820977,8.56638129662349,9.089410153016663,10.051908838055171,10.288246749115059,7.403034278359341,5.819035288475959,6.202297666055834,7.946750133886656,5.706102580125788,7.639142547863665,9.85551250049843,8.42813703724179,8.746430953374196,0.0,6.666068948727462,8.962103585717049,7.745463673413985,10.690966872657125,6.741415098756271,6.035015553989485,6.9321868566659095,12.09432771513019,13.895970670957825,9.039002069131177
Naso Naso tuberosus,7.054448684450949,4.515509821629447,6.159808430222739,6.71306082358688,6.160590384654216,9.570305713264165,5.849675987780049,9.758632560074233,7.887977866849277,5.798456793791744,7.131960080412906,8.203789026072844,6.130357876407153,6.508097492453716,6.678875271644692,4.69178552410612,10.711770650152198,6.145688973030222,11.20950686060426,6.689048944515689,6.726331406929813,6.316732828393979,7.132788402881256,11.108785777264924,5.936519045405838,8.565537267491406,9.481956805167117,10.442650595438144,5.957080365574581,5.221243129486603,4.342493467098257,9.864269882076071,6.359378893165493,6.17080980023929,8.86596599515567,5.924899529570983,7.193293450621712,6.666068948727462,0.0,7.422432629947449,8.598339668855305,11.303789423296376,4.819934373808558,8.850570778995078,6.10788024785974,13.408148847369455,12.523085368478199,8.11987446728161
Naso Naso unicornis,7.909188828481832,6.159414961581052,6.531102559760079,7.627260730650488,6.94910730589106,8.570888679412993,4.920096557278893,8.61211118088756,7.255441769032953,7.10352554969724,6.500878078555935,7.715565226719781,8.038873880312249,9.463695917718104,9.890040915571536,7.142299790177898,11.99067419102023,8.113171945533153,8.14658466074595,6.317837285252182,6.905031891089386,9.032339334642053,10.7524987196617,10.679137140732285,9.905460188608613,8.45179915025047,9.17983411541931,10.245712421389245,6.120269375363002,7.988090748627637,7.192783721775823,9.576143240304777,9.875311196069688,6.545368112185484,8.197357656211473,9.97719046603987,5.3995762575774675,8.962103585717049,7.422432629947449,0.0,9.24680132536513,10.16496755826561,6.3958593692814105,9.97770774609107,6.537124292446573,13.14884199441409,10.514521228878577,9.50150688515654
Naso Naso vlamingii,6.701604614451207,6.553108175794495,7.397939900166572,7.36012813472344,8.645500709546631,10.232836117058662,8.521878702886614,6.541536735133381,6.335856057682381,4.6832627069361115,7.4732135786005,10.33408014337244,10.064916698596425,10.270266048457502,5.6648004592579,9.252483866820315,9.396280255644518,7.918717614291545,9.548868345759406,9.447900201089913,7.791549576720231,7.448878296694603,10.24712178266918,10.187493655888506,8.304221511905192,6.3527449835320295,9.97908707707454,8.717274891363793,7.100408900961189,7.148246813508084,6.235438502256201,5.469244273694867,9.263620518928978,8.346431920580736,7.993712629292188,10.190174751953768,8.436870575107,7.745463673413985,8.598339668855305,9.24680132536513,0.0,8.243891726472995,7.086278434567681,7.258476462608214,5.542125311564574,11.039839352969766,12.836557769013272,8.833885241482477
Paracanthurus Paracanthurus_hepatus,9.392667581738243,8.911183309217577,9.676182813237528,9.601593910959433,10.845514194940133,12.61254039742615,9.904255678644223,6.95098541009275,8.442366464851899,9.136306785268127,8.26599885066048,11.270267578913293,11.950061916867698,12.484946658118606,10.08755966898382,11.275032221946367,9.276473389043328,10.34354161144321,10.492382365840795,11.06981108990116,10.418349204620165,10.889898522015176,13.116724698377944,12.780942916839601,12.188346653809177,9.19744488074566,12.293333327449284,11.713987998036522,10.499767929143806,11.102842133657008,9.660047313915092,10.313791619063371,11.923122548300757,9.999608184694544,10.405038712263588,12.73318144673356,10.511634226607905,10.690966872657125,11.303789423296376,10.16496755826561,8.243891726472995,0.0,9.721784708257093,10.64420672821198,7.869657236710931,10.319962516412957,14.800063353350062,12.243762944529138
Prionurus Prionurus laticlavius,6.45077687870394,4.287248146667862,4.442976576038252,5.478484364051376,5.9107558092655585,9.658459949767252,4.701737305624514,8.571410135051368,6.769610496285359,5.119295178693304,7.118279495676944,7.967692947762514,6.111591044757443,8.165166399813018,7.347484511063645,6.365324908056172,9.118952799150478,5.807188928266724,10.313241916058194,5.6652714509809305,5.599675177388919,6.444274241550679,8.910093181103864,10.72890530373376,7.866826975639218,8.128596727896243,8.95713789618144,9.387918984188577,4.957347350601839,6.792727728904395,5.3073634058359485,9.17606643888703,6.792041607838877,5.599446411842038,9.3102836950499,7.864517745530987,6.387117149034571,6.741415098756271,4.819934373808558,6.3958593692814105,7.086278434567681,9.721784708257093,0.0,8.644493227822677,5.653147641545821,11.953680338288645,12.834051359063109,8.001556544094422
